2093 8550 4335 2828 7361 8944 7502 8707 2242 6116 1025 3372 1537 1244 7533 128 5759 5308 251 1394 971 7301 2129 1288 8409 3339 2469 2986 5889 7383 4831 7198 7499 4259 5590 7463 2635 9207 2686 8285 8875 5968 443 5072 7624 2852 1853 9138 4029 8854 1863 4894 9386 5029 2173 6360 6397 8681 4245 8157 5892 9180 4427 2281 9523 9041 6063 9925 3999 981 4323 76 7388 1865 4037 6674 447 2509 3401 4453 8310 524 5553 8632 4727 8156 2553 6706 6616 7226 9682 108 5627 3085 4441 7095 8988 7166 4623 5932
9387 6404 9066 7644 7136 2153 4077 9996 5411 3508 7975 341 3730 9851 8043 8531 9543 7101 5687 3252 7820 5072 8997 4232 3679 5691 1931 4711 4649 2201 1910 6858 7406 9031 9513 7032 622 815 2661 5372 1822 4962 5193 8584 6890 3348 2243 1806 8686 1207 1984 5652 1682 5493 1891 6807 9617 7807 2261 8265 2449 3618 9213 9041 1136 911 6912 4079 5159 9129 2626 7722 9490 8483 5782 6313 1535 3593 6315 4292 3586 1240 1445 4382 10 8615 6558 2615 9541 7031 9511 8385 4899 6089 3387 2515 45 8982 6091 1394
1682 6905 9640 5889 4091 2559 8327 8159 2837 432 6428 36 581 6063 3154 7162 8065 515 1570 2532 7745 452 8958 244 9031 6868 628 217 4251 495 1819 1925 5620 5875 5660 4087 632 80 3358 1326 8545 4075 871 1212 9048 7198 9482 7608 952 2027 8866 3838 264 7764 4178 8103 8483 5728 1633 4890 6309 1283 3263 2624 728 2775 8423 6052 8510 8503 1096 8155 9390 1367 3512 9155 2539 4307 4649 1019 234 4797 8265 775 4022 6608 8277 2534 1736 1293 1255 2940 289 2475 7384 2744 9419 5907 7416 7438
6802 6772 3858 4709 4022 5641 1240 917 8197 7499 6029 8370 6385 662 5739 7568 8452 7391 9863 6054 2828 1854 5554 3020 9829 5677 4236 8607 3229 8389 8613 3135 4697 8693 3545 7689 4819 7249 9307 1539 9346 6839 4137 1423 9419 8409 4899 1863 8639 1506 8505 2379 1766 6540 3715 2638 3741 6070 1842 8631 3783 4504 9669 847 9775 4637 8131 2845 1671 2247 250 8659 7594 6948 5532 5915 11 4371 7764 6987 8072 2342 8005 428 6988 371 5314 3729 5587 6857 6191 3688 5803 4556 7775 635 4987 3897 8892 9618
2837 634 1 1432 8309 6831 9307 1088 7673 726 9998 4054 4017 5896 3506 1386 7051 2940 4015 3999 6089 8201 4356 7069 3402 6588 7523 1167 1290 2087 7095 9422 6808 8256 4051 1933 1136 983 4450 2523 7300 8988 7570 3536 9196 1795 8035 9031 6838 234 6063 2458 2211 266 8302 3565 7740 8045 7018 6958 5797 8145 6173 9866 9737 6458 1024 1609 3771 9832 1018 7981 4441 1722 4197 1634 3654 9963 5945 4491 2201 6965 9776 7551 8188 2135 8905 9520 3165 2585 8100 463 5145 1202 7894 256 3154 8499 9350 5104
6151 6482 4307 9218 5302 3292 1837 8322 7005 5759 4073 3222 3434 53 6244 744 7331 2003 9295 1850 9356 9560 8616 9822 2399 4539 8246 8192 9851 6915 1623 8729 4107 6475 362 829 7718 553 3034 8117 8755 5087 3510 4101 3063 836 4523 1756 531 2198 1077 1735 8622 1601 9350 6750 3775 6614 7802 3127 2466 4522 8939 2108 7617 949 3565 2244 694 6635 4544 2518 9177 7566 5058 276 7193 6570 285 5678 488 3319 8853 8499 2957 4948 8450 5108 6952 9047 1919 4218 3968 8336 287 2132 6715 8920 9276 309
1524 7938 6663 3611 5549 4774 9494 2475 5948 7568 3712 3158 3127 2436 4600 9440 4926 9114 462 7677 455 776 7689 5889 3999 4437 8755 6071 2588 8100 362 4626 4888 6933 5817 764 3783 526 2883 8402 5654 8617 8878 3524 123 7883 2973 9744 9423 4116 6476 667 4295 4759 8601 9682 2168 1471 7427 6675 6723 761 7626 4559 4915 8374 1477 5281 8933 342 1076 7908 8239 9669 4834 2583 6994 6428 1447 8341 7476 2304 9417 1227 8166 6161 6783 5868 5360 5683 7961 1894 6566 7188 1795 1959 2637 3536 4955 5178
7068 1138 1306 634 7168 6696 7196 734 6472 5330 8988 9511 9668 1301 1360 9866 8866 8523 726 8982 6912 6281 4935 5816 7172 2016 3832 4619 4197 4241 8610 3373 1387 2607 8656 1793 3201 8660 3921 186 7673 756 8763 3478 2790 985 7031 2027 294 3805 7408 7456 8483 9316 7375 3402 1505 9237 1365 7523 3066 3487 930 6926 9799 732 3524 7182 7977 6595 7760 7807 2576 3444 9305 9831 6948 635 4232 6858 529 8201 430 1190 1469 2286 4427 9156 6650 7236 7466 9153 9672 4932 6302 7454 256 3304 6558 4634
8428 3332 6205 5989 5072 9387 4717 3223 6561 7376 1348 7181 6605 3427 4962 4658 2409 234 8779 3293 4687 2927 1018 8331 9640 9669 163 8760 1092 6162 9000 3410 9661 1524 8817 6274 1863 1668 1259 4929 757 715 5360 8156 8280 8854 9655 8219 8653 4965 7386 9880 6721 8131 777 620 5367 8221 5611 1269 9671 5098 8383 2798 6925 4670 505 2780 1949 1800 2575 6233 8296 7380 7348 5889 5281 1866 4388 704 7145 5576 9104 1304 2585 5347 4245 8037 3846 8285 1043 8313 6547 9867 5218 7185 8557 7984 6069 3058
8988 1025 341 3881 7523 7098 7074 7754 7011 7698 1467 9004 8513 5072 3906 8531 9517 9728 5244 808 8413 6156 9294 1707 7932 3293 2247 1018 8428 3506 4945 2686 2517 8867 5360 8903 3508 6815 9031 1260 2230 4652 7554 447 6583 8854 4441 6385 8256 9963 5393 313 8597 62 7673 9179 7266 5878 3977 6091 5784 5234 1731 9498 2866 3394 7393 8584 4491 8067 1782 4068 7383 4575 2290 5083 4009 1105 878 650 1854 4784 8448 930 9185 9930 9686 4208 1077 1860 6392 3992 9041 5101 3775 5764 8800 7094 3565 3999
966 8798 9290 8948 7249 587 7444 7523 6527 6063 2496 9696 2766 151 7514 2201 9933 366 3391 9350 6831 3832 1105 4640 9990 310 8748 6261 8683 5115 4333 8100 1385 6181 2475 8314 1487 8725 2031 6794 7085 8389 6529 3382 4890 2882 2055 2523 5488 2659 871 4370 2211 3593 1018 9498 9536 7197 2603 9645 2973 6612 8707 6191 462 2517 2142 7648 3478 5825 8133 7241 306 5087 1 1623 1077 4087 2333 7673 928 3293 3072 2213 9490 2208 5921 3303 5831 8137 2087 9637 4515 1982 5665 1634 8370 634 3387 2945
9878 9041 2389 1856 2326 6464 944 2412 3648 6565 7786 2645 971 5232 2845 7573 3136 4758 4464 1608 4111 123 3188 8260 9739 7301 7193 9782 8540 5568 452 8389 7097 4894 4585 6070 9637 3540 6843 5425 4801 4872 9323 4221 4107 9389 6578 4112 7408 7317 6475 4125 233 7499 1065 3859 5600 2878 8268 3039 1394 9850 7152 1237 6734 132 325 1605 7517 6757 6783 6222 7314 6452 1683 7497 9772 5358 6558 3778 9714 80 732 2041 6672 1429 7821 3206 246 6455 4079 7376 1854 4327 7481 4137 6674 7977 4022 9980
1629 7626 8998 6809 1631 5358 3757 3937 8131 5829 6522 2607 6205 1863 1476 7343 2866 8725 7783 5454 8153 674 930 1982 9794 788 7459 9089 7094 8513 2045 2512 5784 9889 768 2470 2493 2591 2868 7613 3901 2060 1917 2255 8303 5791 7563 6209 8654 7573 8988 732 3676 1589 5609 7932 4841 803 6802 9559 7380 8378 3982 6089 8627 7721 2230 6332 2481 6899 6013 7348 7984 2665 325 6562 4441 928 8940 7924 5520 1327 7839 2553 2030 9389 2408 2916 303 634 3520 843 3985 7185 621 5696 1014 5654 7590 1151
1634 7196 9249 5714 7149 5029 3746 4263 3479 7384 5367 9324 3511 9700 2688 5918 7711 2647 8235 2607 8579 9661 1469 4076 1742 9570 6666 3835 757 6705 7872 7577 3315 9716 1099 9147 7068 2434 8655 7588 9867 8753 5814 636 4005 4663 6856 1092 6034 3324 4889 6267 5911 5831 7048 2180 3576 8988 8646 8483 8982 8234 3016 2624 4051 266 5249 1934 6486 134 5942 8774 4257 2228 539 2838 3765 4985 6261 8968 3743 2342 9854 7365 5412 815 1860 720 8489 1158 2509 7608 4937 7138 6228 6281 3093 4462 7129 3672
2408 9419 2495 6793 9601 3812 5153 7081 5830 587 4034 4129 6925 8543 8166 8799 2031 7141 1940 8023 7249 8619 6465 6074 3858 562 6360 6655 7136 5711 8812 1422 8914 929 3063 1851 6472 1865 6521 300 7798 1 9963 9725 288 4723 3195 1651 7307 114 4984 7385 400 2802 5118 6481 9956 6455 6003 6327 883 1167 3973 6831 6734 1516 2966 8302 3090 1136 3413 6071 1871 8805 5142 4464 7074 6180 1091 53 3236 1360 1830 694 4732 4492 341 6558 2372 893 8970 5654 5202 7130 4399 1500 9673 8100 5333 4153
2618 1158 4218 6757 6756 2145 726 1789 3246 9853 6309 3368 4022 4506 7051 5776 643 4307 37 6633 6098 929 9306 5076 323 2703 6635 5632 1373 7424 2224 5998 238 827 8207 117 6380 6117 7749 4543 2815 19 362 6882 9562 5589 5802 1891 9298 1725 6570 5898 6013 1057 1633 1301 2799 8783 352 899 2509 1615 5471 3348 2624 2027 1767 522 1073 8457 5652 9432 5154 3861 9993 2481 9706 1253 7617 6331 6475 7688 8037 6486 5341 3281 9010 8266 8304 3998 3688 5457 1160 9150 1520 7121 2044 3857 7797 291
2940 7300 1240 5671 9851 8368 4245 667 7005 436 5652 4456 3909 4929 5058 8413 1984 117 3859 8659 5119 8233 8156 2211 7380 9617 3685 7750 6059 9070 7038 3778 4889 256 3074 6926 9237 5239 4092 7933 5004 3001 6555 7406 1722 4272 6626 8968 7526 6089 8648 6932 509 7846 7597 3618 4589 1167 5603 1928 3020 4105 4253 4887 9033 9031 7523 4570 6273 5439 3329 9541 7575 5274 1212 1576 9377 8616 4307 9829 2223 3829 2668 4937 1990 8045 1732 2816 9985 3964 2181 4446 3086 7545 1666 1300 2301 220 9455 7331
1326 3402 8693 5503 8362 8545 4307 805 9255 4236 901 9031 4073 7961 4632 2220 3388 2495 1735 1096 5641 4312 4181 4915 8700 570 3550 924 1851 3591 5330 1 4083 9450 7113 9145 5310 1662 4015 922 8019 4988 4899 8988 7901 1539 8326 2330 7068 1131 7533 1435 4442 2093 8914 1244 1707 1748 4175 5152 5185 7802 3136 7764 5762 1624 3348 7551 9844 6618 6857 8597 1917 5854 2817 6323 6496 8266 8783 4189 7788 464 350 362 867 1827 5944 8828 7710 7883 4456 3464 1970 1790 8639 4510 628 1092 563 4528
7024 5221 4984 8659 9255 7160 6098 9775 7510 9659 5479 447 9844 37 1851 4456 9260 635 524 9298 3643 6772 7689 3229 4581 1663 2357 721 8942 46 3730 3457 2858 5447 761 5776 632 7693 4170 9218 4307 4346 9574 1240 9863 482 8166 7515 5144 6831 6266 8545 5179 5788 6218 5301 1301 1668 8573 1424 2033 6260 6839 3363 2942 1591 3394 8996 4570 965 7464 8691 7790 2333 3797 3762 5322 4671 7947 2198 867 8155 8755 924 6041 1447 9514 7100 4174 7136 6013 1409 2838 744 6089 7905 1633 7198 884 4622
3640 3858 452 462 3315 6261 4932 6391 5705 2835 8988 1348 2142 310 5118 6182 2243 6571 6721 4915 6576 9565 3263 7514 8097 1326 9298 5652 8748 4198 7807 8910 9667 8219 2804 117 9510 6778 5613 7523 1260 4461 1018 3239 4054 7444 6583 8659 6197 5627 3535 5360 7973 8779 7788 2304 8202 5193 4100 9517 7145 5341 9645 837 5768 8069 1269 4544 4640 930 1953 1092 546 8499 8693 3451 6543 8198 7961 2342 2724 4907 757 3293 4283 8977 8683 1683 9716 9010 7948 362 7048 4272 139 1600 2591 9356 3153 5782
234 9279 9826 4438 876 1359 1925 9298 772 3639 7745 4596 5179 7198 921 7132 6655 541 3414 6241 7466 2945 6888 117 9100 8774 4962 1796 1970 1125 2129 2095 8982 6288 4568 3565 3917 4851 4016 9435 484 300 6970 6907 9436 1446 4528 1795 9813 7408 201 2513 123 5870 4760 6354 8543 3790 539 1492 3039 6975 1461 7948 2515 9253 6617 960 1202 4427 190 951 5334 9278 4720 570 2145 524 1240 4400 801 9705 4716 2876 8002 6949 5603 4039 377 6246 7291 6959 9836 8605 6973 8741 7573 9472 1401 3416
8659 3419 8988 8413 1874 8036 6937 8570 1116 674 3825 9549 2301 9423 2934 1698 5889 4760 8886 1567 350 866 8581 7291 3783 4014 7760 9526 9084 8170 4539 5178 9475 3347 7319 6123 1545 7408 2513 7165 7607 7364 8590 4530 4109 7670 3999 6125 6610 8693 5946 6357 411 2607 2181 8456 5895 2828 3549 662 9448 3154 6761 9867 9705 9437 123 1842 4596 5520 7754 8585 6185 3060 146 8505 9041 8725 2387 1629 2999 1936 8579 5237 4390 217 1326 8368 8352 2129 2920 7348 5648 7728 4162 2323 5762 3218 5330 8759
480 3961 9034 6844 4568 5757 2766 117 9419 68 9350 1656 1404 7307 6733 662 5660 5029 1671 484 4015 3152 5356 7881 7317 4107 3539 2095 53 2596 2132 2854 9160 4722 3391 8247 8457 4280 767 2152 531 1330 5889 6789 1081 9100 3892 9525 9813 3635 9696 1072 667 5284 1 654 3083 7098 7802 6720 8049 3348 7686 234 7608 7938 2659 9728 7693 8700 4915 9901 2156 7657 1350 5087 6680 6938 2519 4695 8654 2700 8303 6366 9475 6428 9736 3402 1637 3819 949 7568 9083 1512 6207 5302 1240 209 9089 8822
1285 9328 5210 883 4608 8659 7750 1409 4390 8233 3536 7094 8117 4482 5652 6071 1779 9526 5163 2427 3054 5788 7710 8036 4576 488 5447 4893 5307 9004 3547 2460 230 4570 8749 8531 2805 9963 5759 905 8988 7508 9205 2692 6994 9698 8503 7198 4539 2851 3549 5762 8431 5334 1227 9298 5735 9583 6673 1865 9237 91 7760 2129 866 206 1683 4295 2902 1800 9867 123 8219 9877 3410 1949 368 793 6839 1160 7205 3512 8693 3169 673 327 580 1954 9295 8519 4197 2025 5515 2843 4680 9123 4851 7068 8852 1303
5553 9993 8659 2513 7382 2601 151 5901 1021 8131 6164 2828 5366 4116 9298 8822 5275 4705 4112 9150 2613 4658 80 8219 2091 1865 1018 8587 8707 1812 9414 3263 8402 6475 8875 4400 7573 6207 3207 8368 3250 2574 411 6752 8507 2876 7135 9356 7709 76 5425 2841 7465 3095 9192 9925 2470 6857 7721 4408 2281 1285 235 3924 9042 8727 2878 1789 6553 8117 6273 9265 541 8777 5932 8528 3685 6158 9063 3081 2611 3774 4482 7326 3571 6661 5539 9481 7248 5693 3550 3473 4907 3773 1863 1057 2170 4163 2114 6053
7249 5759 5923 1863 6772 8733 4570 662 9761 1298 2994 91 9237 2665 9129 5962 7994 1092 5227 9130 4989 52 9356 8070 327 6799 4096 2708 2379 19 8988 6116 9346 2223 5735 9863 2097 4618 3871 7218 5946 3418 3347 8783 5654 3703 2244 3839 7787 7506 3630 744 9401 4437 8979 7691 4637 6607 6475 5506 4373 9295 7966 1598 5762 5648 7005 7686 6526 7775 8631 4414 6457 4322 1044 5348 2230 6432 394 6013 488 8413 3359 7119 8344 3410 5935 919 5947 4987 7374 1489 1333 565 1865 7012 886 8755 6196 5515
9851 2858 1365 7523 8037 1449 4037 7223 5193 6209 8988 2470 2751 8529 930 4334 3706 1554 4570 6988 7068 8619 2238 2208 2878 9705 4013 4962 5229 5958 985 3321 9866 6507 3861 3371 38 8079 4411 9101 4705 587 6455 1830 4052 3241 360 7408 6177 9153 2997 9498 4211 9490 1306 635 662 1301 4087 9435 5330 1865 1217 5968 238 4684 5329 6355 119 9956 2466 1898 8507 744 1767 67 7147 6013 4969 5182 9696 7778 9165 3353 6541 5427 4709 1415 1240 2050 4619 8548 9761 3601 9078 5606 4648 3800 1239 8686
9269 3535 6088 9930 4570 6779 2351 6336 1092 9350 8336 8957 3418 5185 4137 4422 5901 1018 4984 8783 4456 2696 9884 1722 5106 8659 9599 1486 4236 8236 9328 9932 784 3434 6162 8000 6655 4122 7788 7032 76 339 4962 8356 5718 7438 9258 5791 2945 7160 9255 7121 7300 3771 4411 5776 8683 1624 2342 8700 8322 5687 1096 8922 9969 9451 3386 9813 1401 257 8095 3189 1495 1485 1727 7686 7393 8285 4059 672 8525 7054 3606 362 9692 1764 6543 4410 9232 9036 2367 6228 7253 7595 3236 8557 2031 2695 6523 2766
9033 5782 6635 3787 4539 8166 4390 1092 9525 3402 9041 8543 4876 6222 7111 3868 4073 4936 1044 9350 9328 9004 6445 8266 8042 7524 8343 5945 8565 123 4460 5058 2170 3063 1447 3605 1735 8049 5759 4447 3068 3825 7030 8236 5227 9120 6122 1429 2701 5791 2290 9337 4702 5457 9401 1872 9574 2826 2810 3126 1399 2659 2710 2117 4057 2399 4737 146 9848 9025 1272 2523 4018 4988 6674 1485 8202 942 6304 6610 6653 8904 6076 8525 8949 6014 9978 5032 1136 4642 9930 7760 6380 5776 6476 2342 3145 3563 647 9961
6293 7373 2323 5557 699 4962 5144 1136 8435 8579 1409 615 5820 6625 4482 242 6071 4682 9531 4211 9867 7160 6213 6729 950 6859 4425 3207 8447 204 3051 8135 1202 3688 5727 7635 6297 4941 6921 3636 9640 2878 3574 3343 4622 5850 9205 7996 5457 7619 1656 1064 6260 9772 1310 1462 555 3503 5677 6593 2342 8521 169 5682 6181 884 5539 8994 2659 2838 9557 6494 5260 8727 9478 6674 1092 421 4568 1058 3281 5030 7947 1649 4481 1226 965 9041 3045 3373 524 339 7300 2548 1280 9673 844 2475 2450 9283
3535 2371 1167 8942 1301 4411 662 4451 8683 9073 6503 4170 5300 6402 4703 6213 3046 4506 4236 5372 5048 8225 4260 7555 6146 2370 4389 7764 2413 9961 6514 5687 2228 1624 6761 1317 7522 9678 3853 8861 4692 9276 2585 7784 40 5868 9827 503 3559 965 8693 1250 9236 4230 9041 1224 9856 6098 2422 7006 8006 3977 4289 691 8507 6572 6655 7630 4724 1229 4106 8285 8629 884 5333 5010 238 3846 2365 3193 6336 4548 3663 9332 2030 1110 4327 9273 5427 3897 2766 5889 9930 951 5672 4962 667 2162 6455 5330
985 1764 7810 1490 9536 4570 2945 5210 3970 6640 7147 9356 6625 4197 1634 1360 5636 7196 6355 4544 5728 7237 3921 9511 2027 8410 6287 4528 3236 6839 3153 56 3812 6385 3646 8389 8622 4211 8519 4043 1806 6941 7764 2031 189 7054 6540 7857 1506 7782 9526 7750 3474 4292 13 6788 9851 5960 238 6926 4083 2640 1616 8903 2262 2370 9996 7365 3999 3565 1051 7668 2851 1727 1635 9237 6988 9668 4448 389 1203 6965 7098 7068 5422 3239 7138 622 2804 9332 4129 3469 8680 7217 3207 67 5642 2693 370 4891
726 234 4197 4272 8269 9401 8988 8352 4774 8117 1446 5652 4265 536 7408 4969 4257 662 1269 2408 8484 981 7745 2872 1698 9727 5965 443 4181 4819 8403 7577 8513 325 4883 3847 4366 2376 4441 9673 6747 3706 5581 8047 8501 5155 8553 4453 6385 9850 4051 7395 8368 8156 1629 2304 3729 2640 8750 1722 1735 1963 6512 1849 3155 3287 2665 9432 2641 7364 1903 3871 3777 9639 7452 4782 2873 8693 7237 2298 7465 3710 8557 3565 7300 9963 8336 5787 8774 4514 8389 1312 8982 3457 1615 7396 446 6607 2618 2370
92 8822 8529 944 3774 1651 4112 6938 5747 9062 9013 360 3672 6740 6937 9253 2376 2135 7343 9132 8988 8503 3574 4470 1158 5759 5978 8037 5305 4962 7723 7044 6475 3800 662 3258 9756 7399 6183 6115 4396 2211 1698 7097 8325 2228 7239 4975 4089 8362 7157 1057 5382 6980 2854 3176 6811 8089 3580 256 2927 8266 7185 3311 6180 4312 647 1417 7348 8897 720 9386 6577 8331 977 5193 4576 3575 3964 6548 7038 1 1599 8304 674 7376 2758 9204 4910 2357 3546 7145 6360 420 2349 5384 9434 4705 7455 2999
4841 3058 3665 4102 3577 9041 7196 8876 1834 8904 1984 2035 1447 6938 9886 8725 9102 9867 6553 2379 9848 9127 1044 2227 5260 1326 336 3828 5144 926 7825 7344 300 2299 950 3673 6398 247 682 7704 9138 9682 5539 7198 5244 124 9773 2973 7881 4602 4482 4181 6276 6205 4932 5973 6909 2420 1260 4449 181 6777 2934 9993 3802 7349 5949 7368 4988 142 3672 9927 1003 8505 3892 5358 2214 2513 5154 7051 3508 2832 4390 8425 8136 1505 4022 1312 9601 1202 6380 6475 6363 2467 128 7708 7052 8905 768 291
2230 3536 4390 4073 4222 1048 5332 1495 9237 8914 5104 1471 2979 1917 1136 836 7621 5406 1491 9435 6071 9354 9350 3688 85 4194 4018 7933 2213 3878 5782 8036 4015 8418 1243 1026 5750 4312 5609 6122 8019 4987 3348 8624 1863 776 4991 9120 829 7616 3428 5108 9041 9977 8456 4187 7277 3761 9004 9113 6994 6566 4478 4395 8413 8960 9295 8494 281 1446 9867 2025 6925 40 282 744 4724 2194 1961 1951 6724 2614 1649 4510 5030 62 6027 6911 509 1782 7005 7729 9745 1837 2702 4218 8543 7689 1376 1244
3162 6288 776 123 9237 3329 9004 1748 1438 1300 5272 6123 5820 7790 342 7689 5652 1854 5324 9883 1006 8072 4358 9963 884 3812 7497 8659 8693 2129 4272 2668 6139 3248 3839 3686 6021 7408 3317 113 8362 6610 7136 3921 9255 7917 1735 4570 4044 9845 9031 3434 8833 6153 2230 9312 4456 7879 1240 6755 1365 1394 5672 2899 206 8624 2845 3665 9514 6672 8166 8156 4539 3999 2825 4682 8717 9328 5503 1144 996 6925 6323 4217 4724 9445 673 951 6388 6421 9525 1878 7784 3503 5481 428 89 6509 3948 1633
1633 1666 2849 4245 2093 1524 1025 7380 9294 21 3281 6994 883 6295 7325 7165 3871 5179 2109 5072 5784 8421 4397 6262 7562 8734 3698 8700 4576 298 9772 2357 836 2367 5413 6932 8914 9237 5454 7160 2812 5260 1168 1629 5007 6089 8117 3154 6911 4192 2060 455 776 6395 4437 9005 5447 9403 383 3363 918 8802 3686 6385 7901 4098 5756 4446 7549 3037 7251 9073 6404 9321 1088 9075 8645 8366 6208 2824 1556 509 5600 7198 2230 7976 2228 4867 3781 4295 2838 4239 8503 1462 4022 370 6625 8750 2196 3509
6684 1385 8317 8968 3673 4774 8402 9970 1340 9341 7321 1124 6884 1464 8269 5539 4714 9037 647 2467 2940 8360 4975 7054 7435 6953 4296 654 567 8876 7327 4760 289 6625 6995 7728 3777 9334 188 3854 1423 5863 5946 6162 2671 5390 7894 3226 5802 581 7688 2202 9866 8071 5889 2873 6801 2211 2422 4022 5671 2858 7413 8622 8389 5152 3593 1837 7301 4576 8000 4245 6532 5031 5180 4893 1257 2345 2413 9255 5620 1635 7173 3787 517 8089 1373 949 2983 4786 5881 6249 520 1356 3771 8659 5173 9392 1502 2495
4687 9041 1072 4116 8853 5108 8707 8409 7590 2093 7213 3066 151 6506 2170 6648 1136 5029 5547 4694 6297 5715 3665 2372 6635 1920 570 310 1371 9541 7745 2161 5158 850 4215 5539 5627 5345 3611 7165 2247 2534 9075 4894 3977 8525 9673 5604 9448 7664 4128 9757 1726 6821 9451 7014 7686 4720 5136 8693 9350 2304 4539 7717 6516 1524 1785 7644 3783 1896 1721 7775 7693 53 3640 8987 4774 836 8302 4749 5939 7801 5087 3550 362 1394 5560 9926 8389 2796 4335 4519 5457 3182 647 1387 4122 1865 8659 1445
8853 509 8117 7644 9342 9029 6730 1168 2624 1212 7763 3346 8783 8639 8422 8753 347 6654 75 5427 6309 6385 2423 9456 2858 123 9180 6098 1902 3063 2927 169 5227 659 9129 9156 6029 4192 2775 5108 341 2647 8246 321 9930 8661 8100 3688 1994 7637 6684 5106 9692 6876 8531 8727 7476 726 8455 8863 9059 8333 7928 8413 2130 43 9445 8707 8253 7285 206 8195 2940 1807 7895 1424 7391 244 4225 287 4893 4083 8302 1865 9298 3812 2837 2526 609 9648 4618 1507 5697 1338 1633 7876 3207 1539 7926 1422
1110 6523 1251 4253 5901 6541 3699 9745 1735 4929 5334 6874 8529 6570 1424 7686 1984 7745 8907 4907 4116 15 3425 1550 7136 6054 667 951 341 2265 4091 2234 1365 9493 3245 4197 4528 9540 2461 8352 8484 7436 6009 8693 1903 3774 9276 5760 5106 2878 7826 2945 1360 6787 3414 5152 6315 1970 6932 8988 113 6241 9969 7760 8659 7408 5658 3680 7523 8389 587 9031 6640 6391 9671 575 9970 6539 4962 9543 8036 6759 7689 2470 1843 4774 4948 3192 6089 6458 5360 9712 1280 234 9895 4406 6926 4427 2436 6783
1209 4307 1032 5858 9617 2828 6380 117 1158 3688 9511 6657 7041 75 2835 7526 4803 7630 5272 5108 7196 9120 7753 8100 6475 6222 7331 8011 3246 6245 7380 8156 7012 256 4303 5036 9090 4245 3207 5661 2153 2826 4891 5973 2432 9514 776 1092 3956 5117 6564 1002 2607 1229 274 4292 5314 6651 8863 7280 5096 9401 9955 2959 1231 146 1767 2838 587 2523 749 9620 7709 4370 5095 2413 1937 1623 5782 9314 3248 4022 4867 9435 2691 7424 8049 4257 2810 1206 834 8447 4658 9637 4830 128 5106 6162 123 2659
899 5307 6297 6679 1891 1727 6309 7586 1865 128 1809 7523 6714 1269 8529 2473 2357 5852 6293 4390 7472 8805 1099 7145 9041 110 9356 9068 7393 8207 9205 362 2645 8085 9503 9136 6054 9354 67 3023 1615 6884 9057 5282 6757 2845 1691 5072 9986 4745 7136 9637 4687 2170 407 715 2230 4709 4819 5393 6047 3858 258 8456 4411 6558 1749 7408 3897 1851 7802 1243 6494 8403 9166 1674 9854 9985 6916 5314 6802 2678 2947 7198 370 4120 1781 8938 9552 7420 8597 432 8464 5838 2038 7689 2959 9425 2211 3401
4400 3550 4116 8757 503 8254 6862 5087 2601 4379 6063 9761 8875 5818 1765 8659 1837 6558 2466 5735 9100 4170 7608 8543 3534 3479 4894 4225 4705 8759 5090 443 5275 5345 151 5816 3271 9403 6162 4539 7408 2534 1865 6199 5029 1568 1181 9356 7617 8904 2413 8261 6305 1491 8117 6931 6117 3688 5553 4482 4893 4987 1524 4850 4938 260 5883 2323 5677 6934 204 218 6559 289 5539 8926 3427 5923 1782 6009 4334 7745 9945 1169 6476 5108 728 2043 8597 9298 6684 2108 5897 6249 1092 4408 5250 5330 7384 9396
2688 1559 6680 8214 3093 8285 3738 1136 5687 5814 9552 8693 9831 662 3559 7301 930 6261 8982 6150 9294 9336 7151 7975 7101 9520 5411 3353 2987 4786 8368 2933 3525 7523 2434 1365 1907 3977 5457 5112 7007 6843 7445 4068 6571 8639 5031 4259 633 1255 8748 543 3219 8779 1088 6620 1805 1639 5330 6047 5288 8834 5834 2408 2790 9855 5831 4091 4735 2539 3979 2668 1438 7598 9645 5863 736 509 9572 2470 2661 9100 3831 1032 9345 5029 2376 1244 238 5084 3207 5252 1020 1616 9782 8063 6807 2435 9757 6891
8232 3513 851 123 1354 8413 8524 8659 762 430 5627 5218 8070 7141 2553 7132 1045 4295 7223 3764 965 3492 8722 6509 5759 2832 462 2286 7073 6612 7398 9640 429 1894 399 7408 2519 8037 319 6932 2221 9387 9761 5889 1123 3349 9772 9317 3949 614 4248 7285 2201 2291 8153 7966 6896 659 1719 5272 4730 299 4379 1092 1208 9237 1471 3618 1452 117 7011 1154 9686 8988 8815 7954 8669 8133 9903 2603 4717 2372 2230 7317 7048 5512 2258 4370 6181 930 1639 2237 5895 8701 9866 6787 156 1649 5892 526
1447 9517 749 7754 2348 6736 2178 703 9851 7300 3376 1446 8446 8252 2790 2659 1125 8370 7260 1430 7961 9813 4022 1167 514 4568 7785 4504 3083 4848 9034 5687 2231 2262 256 7894 9551 662 8794 1297 520 1790 452 7750 1532 6978 8513 8389 2517 26 6817 6494 2759 2000 9963 6392 6375 3783 995 4596 1779 1105 4735 5393 8523 4307 2408 2513 1609 4962 726 1984 7236 7575 8214 2086 1202 2523 1751 4819 1251 8412 8988 4600 8501 6606 2691 2304 6674 2097 4720 9690 5767 9459 9041 8166 7011 6841 9160 3828
9375 117 9435 233 7753 5457 938 1559 9477 792 128 1649 7276 6625 3721 6323 2093 9963 5831 220 2194 2129 3941 4687 2427 5918 6674 1865 1920 6817 505 871 9620 2080 4173 4014 570 5119 9120 3611 5692 6475 1051 7305 5517 9314 2618 2702 1265 4092 4431 3348 7694 5889 9004 2740 6938 6750 64 5539 380 19 7582 7300 2201 6872 7424 926 1409 9144 1844 620 2873 9930 3876 918 5358 6944 1947 785 6930 9382 6865 1172 8052 230 7348 2132 8659 8620 8434 6409 6882 509 1850 8352 5797 269 4589 8892
6610 8700 9617 3525 883 1489 9673 8624 1722 411 9867 9403 7364 400 2513 9041 4235 1438 300 8219 7408 9517 3317 3550 3825 3207 517 1432 2431 9810 3413 662 6737 5805 5372 8125 4578 8543 6385 9265 8875 3780 4411 3279 2560 8462 8156 4034 2639 4272 6464 8519 6843 9459 3289 6010 1854 8660 4192 1970 6001 781 7859 3370 6931 2828 8792 1865 7607 5941 1254 4833 9350 3981 228 905 3083 482 5237 9396 6704 6877 6901 3565 5038 3051 2838 2845 3363 674 1731 6808 4739 3921 4867 9361 4608 943 9237 8303
8636 36 4970 4307 1851 9761 7131 8111 6719 9429 1057 6071 3043 2828 8049 2382 7456 9191 3474 2135 3063 8800 8592 1136 8233 5087 7361 6808 2475 485 8302 6965 9686 3774 3550 6991 8511 4074 929 3577 5858 6370 2098 2109 2260 5464 4272 9338 9643 9716 8507 9514 4054 247 7068 3937 9406 1990 1683 7523 7182 1386 6934 8484 1392 5539 2835 4899 2027 4831 2323 1531 1260 77 3366 2261 1024 7890 4530 8254 3207 3472 9696 6540 9669 5831 3549 219 5421 720 9757 3115 9403 6938 5702 1632 6529 3344 534 7044
7376 3966 5457 3132 3016 6588 2281 3706 3063 2000 1018 4528 6679 8793 9643 4970 4305 6522 703 2367 2686 5072 6911 4975 5976 9463 7499 2286 4120 1386 4109 4508 9113 3504 8261 2823 3410 4965 8703 8327 8710 9629 6267 2045 7815 1129 598 5991 9041 8988 2927 6816 1691 9520 36 5939 4077 2986 6190 6831 9547 2241 3366 6910 4717 7558 7384 8902 1212 443 9432 8081 1044 3154 767 5277 2671 8812 8179 4386 1314 4195 5814 8483 7361 5005 744 590 8340 7517 7742 6607 6297 844 2230 732 7032 7523 715 7530
6360 1863 6472 1120 6552 5649 6925 1865 6826 8743 4899 4307 54 2230 5937 6475 8922 8691 9237 3423 1471 8216 2513 8949 5535 2876 3901 7408 895 8166 5805 9104 3329 5646 2290 9120 2495 8709 167 5901 8007 7673 3289 6498 1348 1278 1881 4723 6943 9617 4120 4083 5945 4400 1940 9265 3846 4570 6323 6653 5919 715 1649 6655 6226 2187 8460 3968 2964 2461 6994 7745 7393 4732 8866 5762 830 8023 8727 6380 9930 2947 7134 1834 9996 300 5400 4544 4668 5784 1622 7783 4619 2554 251 1509 4608 6930 2916 4975
4724 5759 8401 4975 9130 367 2063 8875 4451 3508 8722 7481 7977 2450 5372 7573 3565 6486 4218 7011 4034 3226 6122 740 9977 4456 1198 4512 3839 9004 3350 1077 4469 1856 2686 9350 5782 4292 4404 5155 7729 9041 9059 7876 3879 3188 6655 8931 9386 1652 732 3237 8049 1797 281 6156 8923 9295 9669 1252 452 8026 3083 5295 868 8689 7894 6934 1220 3522 1476 9867 2658 1343 3778 7438 8922 400 8322 1943 3363 6179 2744 3020 2201 299 1423 930 2296 5058 6366 1750 9098 8964 2900 807 8725 784 4470 1973
8875 9429 6071 9955 6476 2668 6409 8055 7523 6907 3388 6156 1844 1861 9007 6885 2744 9492 5682 5588 8382 8730 8134 1314 6596 7643 1578 180 9155 2796 3348 887 4013 6558 2837 1896 1136 1 8100 4893 3281 8408 5361 1461 7648 9541 6965 4889 9291 726 2695 6575 7156 186 4432 4461 1267 7257 6858 2330 5898 1857 8531 9963 4682 3302 917 3922 6324 4077 1196 4370 2659 256 9837 151 4023 9854 5438 4215 8902 1105 9419 1138 450 5272 6428 7673 5560 5633 5714 5287 7136 4017 5831 7568 9560 2820 9455 4477
6461 7533 5983 924 6952 2611 7637 5962 2081 6520 3901 9867 5199 5889 662 8710 2135 2153 1168 1928 1695 369 8503 6898 7944 587 5510 4187 4539 2596 8639 777 5330 9898 7212 4604 2255 2007 6820 9163 5973 7840 5641 3292 5026 5648 3618 8557 5208 358 3370 1244 7186 9669 3394 8691 2820 337 6089 4022 5087 8523 7307 4496 531 5568 3534 9041 8409 263 7525 464 5327 655 1629 9934 2130 1353 4096 9395 8513 8982 5782 7301 8117 3765 5849 7274 5732 7406 5285 570 3997 8875 9070 1394 4775 9093 7091 8600
7523 3207 1136 2395 5457 3826 1092 3154 9963 5401 1635 1025 5426 8734 8125 238 8314 8055 1088 1275 6394 2213 4242 4717 2342 3373 8923 9875 4737 1633 3188 4742 3790 1524 1254 1485 6680 9552 6872 2323 232 5854 6041 3665 3323 9540 1903 2697 3948 7775 1740 7068 8693 1018 1106 7760 2358 1748 6838 3799 7098 5929 9637 6455 9205 5313 1841 867 7012 699 4484 6197 5906 816 9072 9041 6047 9716 9757 6552 2376 1237 5330 5295 3944 4109 7648 3248 7570 7475 9019 7218 3295 9930 7984 2614 7408 6458 951 5005
1088 1530 9582 3721 9851 5330 6402 3348 3391 9963 4831 5820 8619 1 8923 299 1244 2129 3402 1649 7901 7910 7319 776 7291 8725 7919 6360 1202 367 3040 7098 9179 3313 9041 3051 868 7317 1240 4461 615 9998 6304 362 3506 4107 3894 4049 2860 217 7408 9560 7879 3219 5372 6831 4292 5665 185 2409 4029 386 8922 5808 8659 2442 6958 4507 3871 3565 647 3608 2348 1135 7810 7829 7325 123 5849 1032 9813 8232 3343 8693 3828 3620 950 3993 3636 7101 2132 3592 2027 339 106 2223 4627 4137 5549 4570
5648 9629 2896 7881 7857 9851 9120 2153 3993 6761 9377 2827 2135 883 947 5699 715 1092 2513 7374 1136 416 806 7260 2574 2729 352 3329 4554 5501 4989 6309 1910 2077 5889 8013 3278 9298 8892 5983 460 726 8234 2534 9435 8275 6907 7635 28 5652 8888 7996 3398 8402 4311 2838 5061 9670 9395 8436 7184 1703 8710 6826 7805 4756 2133 2304 5126 4316 5751 2130 8603 339 9965 5930 2994 3661 2813 2129 942 9205 5104 1039 2318 1808 8134 1601 443 3609 2262 4604 997 2114 9199 8512 6013 4197 3093 3504
1385 5918 3233 3034 2744 9695 8197 4109 6323 1003 7710 8066 9204 5774 2920 6625 8362 7186 3814 662 6938 7901 4266 4760 9705 2039 884 3783 1775 8093 4473 6945 2598 7126 1002 7291 4218 7937 9844 362 6540 1189 5102 2228 6503 9321 96 9201 4009 2466 7424 5620 411 8500 7196 9700 3063 1202 7523 3050 5029 6559 872 9557 7402 4143 8380 368 9241 3729 2793 8794 5009 8037 1532 9465 5549 5568 7260 8233 1158 744 3039 6035 7475 5282 5218 7450 2304 6125 4161 1167 2475 4390 1394 7621 7957 2843 3676 9053
4092 1934 75 396 3670 7871 4417 930 3081 4221 951 7876 4076 1441 151 587 4197 7315 9700 5372 6461 3207 5020 2055 1185 9321 8680 4112 647 362 292 5757 4962 3354 4225 6118 2657 9451 4370 1976 4091 1884 749 3866 2466 7523 8730 5444 8708 4163 8314 4530 6545 7196 8755 5870 9232 8483 1984 5892 8219 1002 2829 411 163 6125 7698 2987 9513 2129 7820 4786 8902 6315 3593 4567 4077 5807 1860 230 6029 3348 483 2538 1124 5084 2436 3525 6313 9411 1394 9829 1700 2327 7186 7579 5272 2845 807 4450
1860 9350 8049 4657 3207 4120 6139 8297 6336 8797 2659 2495 8565 3691 8336 4890 2422 4814 2337 6627 8314 3058 1489 2197 2988 9511 7716 8726 514 6888 4179 114 9120 1348 103 5831 2845 443 7617 300 1572 2427 4107 1537 4526 3740 8037 1678 7274 5717 7318 6708 8303 8438 3611 8681 1500 6595 7136 3608 997 7775 1360 3751 3221 2250 4218 7488 7717 708 4203 9525 1244 2830 7879 928 5372 4687 951 377 1423 7464 9343 8489 5857 4581 9279 3771 1729 9634 4269 5601 8448 4962 5870 7314 470 6938 5762 6655
4935 8483 6926 1633 744 8403 1531 2466 3154 4022 4339 1629 4225 7644 8861 632 555 5447 8812 6910 6911 8940 1467 6809 289 3292 9298 3512 2908 8545 7502 4572 9031 244 9552 3169 9048 6263 5221 2043 9851 3348 9425 8523 5881 8543 5519 8597 3245 2585 1283 8968 20 634 6089 4556 5107 2422 1326 6652 6459 5308 1358 2470 9377 5243 1700 5330 1083 6323 308 1848 2994 7438 3593 9930 5076 1394 1186 4851 1240 4692 5370 9963 7558 7745 5791 8755 2339 4191 7975 30 4633 1244 3706 2534 3790 9844 2228 9345
8774 5889 5780 635 587 117 7032 1385 4335 4539 2858 4720 1537 9350 5152 5479 6669 1092 1545 8045 8815 5354 1018 9386 4930 9694 8389 3317 7097 933 5295 3402 6588 7526 4077 7693 9974 4671 9627 5915 9033 5991 9878 5702 4427 1437 6743 6655 4987 4422 6128 5831 8659 7042 209 5574 3281 9313 4122 9030 9851 9041 9026 4848 6831 4092 4946 6910 6730 1541 1350 8639 8327 950 531 8890 4456 8261 2466 8008 9054 2003 2399 4512 1486 4423 662 7361 8000 721 7402 2607 513 2659 7455 7165 8725 4013 3289 3567
1002 7096 8254 7520 8794 3839 2422 3812 4889 933 1957 8693 6832 400 563 8307 1489 2744 4017 9866 2668 5935 6717 7364 7216 4760 7137 6277 5219 5029 9075 9183 2156 6001 674 808 4272 1209 9686 2471 1622 1934 7243 3327 3361 2436 1537 4371 6271 5100 7214 9658 2376 2250 7778 143 8157 3479 5196 6027 4083 8074 8223 1191 6132 7029 9469 5272 2230 857 2475 6567 136 3739 2016 113 5672 9969 7247 895 7630 5652 2486 6060 7691 526 2854 3440 4067 4570 9401 6850 9536 3620 4181 3787 6057 5560 3889 5233
5634 5180 7717 9761 1049 5858 8285 275 4671 1356 4649 1424 6297 5543 489 3360 7947 2045 4705 7996 6631 8812 2114 3083 4984 6672 5308 5479 9829 7172 3605 6491 5341 3317 4814 5312 2003 3731 5941 3198 1312 2578 5755 8006 5416 8785 4022 5676 8774 9494 4935 6758 1767 8569 2228 524 9432 368 6702 9481 1460 1515 4411 8002 4023 674 8888 4558 867 587 8944 4269 1683 5281 40 1313 4510 2626 8707 114 4163 8755 755 9403 8037 7197 7976 7877 2259 9367 9930 2832 1625 9643 5009 2281 1134 4334 1750 8659
2285 206 4342 9880 5597 4068 9772 9681 9179 9314 3746 3043 7533 8009 2392 4570 9165 1622 6342 3063 3434 1096 1244 2523 5652 1092 3779 9033 69 5820 4760 1032 1900 5918 7630 1105 2162 1533 7185 1678 5896 839 7281 2422 632 4448 6476 5831 2674 4866 2659 6313 5087 1527 7466 3611 6098 6994 4272 5387 9328 6444 367 1006 9637 7386 5351 4936 7073 9517 5064 9123 309 6654 256 5194 5272 4390 292 6486 2390 4069 6695 9904 9511 4051 2210 4981 8156 1125 6935 7432 4133 3058 2624 9965 1077 3410 8630 7674
3567 2181 455 6057 9601 2434 7935 7172 7840 1808 6884 587 1124 7317 5692 7892 6912 2647 9255 3559 2247 3348 6117 8403 6375 7717 4558 7698 4697 4554 4392 6309 8968 3839 995 7408 275 2355 77 8639 2298 6013 3201 6757 4163 2947 7301 1854 7307 726 4539 4097 9166 3363 3282 1637 8799 1002 9136 674 7139 379 6849 6297 5474 5254 1469 6751 4633 2507 1018 9367 996 4851 2802 3977 5345 8002 5198 5031 9100 3769 9733 1633 296 1373 2512 6501 9019 6734 7857 1748 1445 362 8985 6089 4195 3749 4462 4585
8598 8094 9041 2987 9033 4427 2031 2845 1568 9261 8543 587 7523 6571 6261 1255 9761 3935 362 7179 8703 8302 2466 243 3472 306 6335 2891 3081 1891 5457 8763 5029 7261 2230 6150 9450 1394 411 151 2286 6125 8285 997 2744 1865 5665 9961 2399 6070 4107 8203 1850 2358 6380 8083 3077 6464 5553 398 1020 7408 5064 3730 6243 5300 6686 6168 5979 6214 7137 6898 7126 289 4671 2409 4936 1863 5295 6458 1564 9511 9810 6543 7136 3401 6005 1531 2857 9025 6311 5776 4703 4122 2826 1135 1716 1438 2550 9473
4411 1863 6158 3338 587 6246 7924 6336 1092 9236 7627 9867 8636 2695 7630 2693 7617 9776 5308 1490 8774 636 110 3535 3281 2372 2596 210 7760 3852 4449 7444 8156 4074 3088 4912 2135 7648 8513 2607 8197 4496 40 8666 9716 6526 6802 4218 8375 4867 7361 8332 7274 1767 337 1998 3817 6276 2876 4680 9903 3324 1624 4260 7733 6634 2868 4039 5252 3740 6844 9898 5676 7115 928 1837 9878 4658 1531 2802 9440 2521 9628 640 8907 1592 7174 204 9930 3717 2766 9350 1761 9403 8049 4441 8982 5757 9136 5947
6550 3550 867 1092 6577 5009 4587 6783 8333 167 5237 930 587 5654 7345 1021 6180 5299 2495 3473 9450 350 1386 7554 9756 2443 6618 9240 640 2980 3301 928 9123 8327 5305 2415 569 8285 8374 7549 3884 1735 899 6811 8811 7653 155 8456 9041 4272 4988 1624 2304 4902 7438 7906 411 1574 14 1009 3905 2461 8911 2349 1719 5861 5883 9695 4833 1232 5941 1339 1360 8362 7364 4677 9192 8727 9837 3154 579 8545 8707 868 3858 7642 1191 9457 4510 6734 7698 2801 4334 2964 1865 6501 5060 607 1698 7794
7861 4096 8309 123 4043 9705 6708 6288 5439 9543 5104 1032 3473 7329 8707 951 9445 9511 4399 8483 8701 5421 5892 3207 8226 9591 1135 673 4712 6559 7148 9343 6205 4051 6287 810 6162 8982 878 5831 4269 5820 9646 3202 5714 6034 4069 1092 6552 1763 4208 7281 3605 4307 91 3024 2197 2939 2737 5560 4137 2342 930 8247 8397 7569 3265 7938 6071 7689 9393 3985 9716 4526 2296 1661 5609 2247 2378 5918 4785 9179 6558 898 5804 1252 5447 7608 8875 1729 2419 7637 5782 1148 1860 1628 3665 640 607 3572
3567 6666 6162 4856 7408 1972 1394 4641 8156 89 3391 7840 8507 257 7172 3083 2696 362 1418 8630 951 6249 9483 9204 7331 428 9164 2939 7136 9255 4968 4410 8302 9254 3348 2845 4137 9875 6552 8341 9445 8822 2434 1756 9511 2820 1703 8550 2592 8125 8683 8666 9705 3838 1698 5831 3559 2126 8957 1105 2031 6070 4083 1255 8057 8194 641 7137 4113 6466 1438 4848 7463 9955 9572 9041 7301 3741 9900 8376 4576 7247 9031 776 1087 6340 3618 7161 6686 3504 9147 9313 2724 1125 2211 1042 3964 7870 4556 9392
6756 8602 1092 3618 360 785 4831 6475 4894 5553 784 9196 7380 7184 4886 2093 6879 2262 2987 7458 238 7686 1386 7644 3970 9041 4408 6625 2170 8892 380 9146 6295 8136 2420 3222 6319 4510 3354 6808 597 9630 6304 2336 6263 6208 5085 2523 7602 2876 8863 9930 7095 8101 5837 1003 4077 867 2286 9403 7562 3457 9700 9661 1035 9839 851 640 1257 6050 2534 8531 1136 3066 8725 6694 2413 9517 3321 8543 5310 3869 9838 4876 5457 3915 6553 981 2450 4034 6579 3363 6381 7076 5032 3126 4387 3782 2218 2749
6901 6635 6334 9025 4864 8489 4181 7432 7674 5064 7520 1447 911 1269 8431 89 1032 4915 6261 6707 145 276 5776 1767 7775 8868 8557 2170 8493 744 7382 8389 6949 3486 8693 9366 5058 1735 1345 2845 1373 2145 9673 6105 6222 9854 123 19 7365 3536 2275 726 256 4506 5831 6477 4390 9782 7403 7764 9175 8433 9994 5652 6071 694 8680 3975 3787 2624 1568 6328 6965 8677 8590 3102 3422 5118 8043 3520 8053 1661 6266 4703 5108 9941 209 5119 5957 1387 5261 5262 9120 5864 3215 5090 8314 4402 4213 4093
6733 8513 2724 5802 1018 8759 767 2784 6730 3304 9298 9041 3848 2286 2832 3263 2008 4984 7048 2422 6861 1589 7853 9030 351 4022 8483 6409 9463 621 9572 4322 8752 3504 386 5570 5425 2823 6333 910 9772 2304 3724 2947 3550 2129 2962 3896 7922 3933 447 8332 7644 7098 9973 734 1789 4137 715 5193 3420 3937 5731 2470 6755 5988 7303 5527 1978 9878 8492 9116 6179 8755 930 9643 6684 8389 8988 8345 7182 9972 8927 2813 9435 8101 1158 6650 142 4197 6809 7499 7031 4922 4220 8826 2225 5175 9013 5105
1633 3167 3281 7853 4801 256 8513 6273 6571 8867 2129 9772 8045 3611 6647 3370 1298 319 9435 8363 9445 4194 9640 362 8156 3574 19 365 5652 3204 1934 1656 6645 4414 654 4191 6302 4400 1092 8705 8297 3252 8049 7518 1892 5699 151 5757 3051 6706 8292 7790 8895 5413 1784 8835 3809 5771 9432 7343 6674 726 447 7162 3071 2519 6868 9706 6779 9318 9672 8710 204 8982 8428 6380 1130 4120 2596 1320 5774 9912 3024 1167 4078 4343 189 4834 3131 8968 443 9310 7300 4416 8730 1425 3427 1018 965 8943
6001 7424 963 3574 584 7348 4561 364 7900 209 5305 5690 662 9034 9078 1092 8698 4153 3024 192 242 4531 8100 977 3521 5262 3900 3819 1155 2159 2372 6402 1589 3941 8666 8285 3807 6721 3713 9153 5635 6027 490 4107 8456 2693 8006 8359 1722 7984 1360 9089 4910 4598 9637 9356 1339 2487 4570 787 206 1251 3259 1429 4229 9560 7658 6675 8582 7157 1822 1386 3278 7264 1863 1327 2534 3248 1058 1207 5918 4312 8620 9690 6455 9454 9237 6375 5627 4492 8049 8877 6355 8303 6646 9930 6505 9429 7724 2758
2766 8197 7939 8823 3558 4307 4940 7241 4692 9930 720 4225 8783 3606 6689 6338 3913 9403 9216 6237 5208 3188 1022 8596 1354 3508 997 776 6355 4567 1326 2244 8903 350 123 5302 6108 8592 5087 1948 1077 2262 9543 1949 662 2828 6158 4091 4051 3688 3472 8317 8219 6001 5663 3550 6385 8531 8753 3269 6205 2238 171 9734 1338 7714 9686 7793 7100 1683 168 1330 4345 9761 6680 4083 3414 7012 2585 4893 8235 9662 9798 2156 6779 4872 3296 8707 6625 563 884 4536 9259 3961 7635 2657 4000 7300 4970 2466
3863 2213 8083 2246 1856 4022 6756 6307 7247 9212 7156 3063 4760 4390 6237 1301 884 7616 2827 2665 1 2095 4017 2744 5652 6045 4272 192 8503 8700 1583 8103 726 6297 5382 555 4222 9851 3327 7261 6635 2837 9401 7466 1136 2140 8403 5233 8664 3206 4112 2466 9205 2674 2807 855 4225 8875 8314 9782 2626 3575 2223 3472 6222 3617 5087 9931 3868 2244 952 1011 8051 4249 4432 5544 3281 8901 5408 3618 4995 3165 965 7966 228 6366 7778 6290 6650 6625 5836 9255 587 9772 9912 4295 662 6211 5757 983
8049 2132 7136 2453 4907 9080 4241 3740 7533 9237 9645 3083 4441 9101 4876 3730 8798 8800 9100 472 3149 1348 4312 8066 7901 5858 76 2304 9153 7506 9836 5464 5360 4539 6142 3067 7686 2294 2437 9671 1244 7450 3287 383 8198 6884 7094 9637 8363 1252 9402 4170 2379 8303 9356 8076 8428 965 283 524 2496 8988 8543 7554 9286 8236 9041 1790 3288 7698 5886 2422 5816 9686 8279 8155 3535 7385 634 1313 6643 6698 2644 6755 7266 4304 2598 3207 4192 1970 5703 5549 778 8002 593 9532 6917 4828 2012 1292
7590 9862 4969 8877 776 9136 4570 726 411 5262 9075 9301 7517 2223 7558 6970 9014 930 7300 9168 1629 5560 3574 2534 9596 8494 1795 6907 6451 1401 4910 6509 8341 8376 9298 4596 3278 7224 5408 5494 9013 8637 6324 8368 1531 7638 708 8524 4772 8659 5389 5962 1697 4745 2114 4528 2826 4197 6265 2662 9715 7668 3425 2108 8685 5457 3006 9963 5181 5918 5335 8285 3800 862 5007 9279 1418 2353 8168 1385 9634 9328 1136 5687 256 8914 7068 5247 1202 6457 1424 5748 225 942 6439 1722 3394 6831 1251 6479
3063 9772 1485 5244 7048 524 2062 4120 4883 951 5539 509 4221 7763 1910 123 632 7879 4567 4624 9673 9822 2230 7546 8707 2837 4680 488 950 9333 1493 1167 8515 5272 4879 2737 7324 2031 4356 7408 925 3487 5791 3572 7573 4441 2668 9761 3838 155 4112 1002 4109 5302 3611 9389 8389 5911 6137 8302 234 1976 2316 1280 4556 6089 6001 4125 1495 7678 1779 1962 1354 2744 7428 7198 2333 5179 6323 6962 8227 4078 2475 9287 9539 2209 966 4092 7994 1425 2271 8797 1487 2876 3970 7963 1610 7992 8483 8503
1609 8333 3317 2423 7630 9511 509 4092 4221 3402 4181 4077 5370 8662 1447 8651 1971 3207 9552 3988 6041 1185 8860 5372 1748 8519 8302 2495 6402 7475 3868 1002 37 3966 7559 5314 1138 1827 5438 5104 7644 123 9255 8003 8880 9146 6315 8156 7260 867 6559 9591 2370 768 8693 4109 8036 8707 2523 9120 5457 1746 1851 1092 8543 8298 744 5245 2333 8362 4379 9764 4886 883 4510 9673 8314 4693 7760 3419 1359 8117 3718 2826 3457 2810 9900 5672 6661 2422 9931 3536 555 8904 9459 600 9119 912 8916 7920
1006 243 8384 8982 123 276 8387 1125 5831 8636 4519 4504 3358 9552 7894 7068 9318 8528 5533 1610 1449 2845 6444 8633 128 7790 8693 8009 3339 520 8879 6673 7697 5892 8707 7005 9356 4657 2376 7745 4895 7326 8053 654 6715 7533 4044 5621 5440 1240 4605 8382 2145 8399 8620 6268 1896 4414 7179 6409 8572 8749 9513 1733 5964 2661 4441 3175 5005 1209 3427 3348 2178 5926 1471 2103 6071 8302 9948 1725 8469 1778 7348 1024 7477 7900 8156 2313 7136 9090 8402 4327 9305 1096 6707 2576 3375 4848 3301 2611
8988 123 3608 217 2845 362 8489 1064 9866 5218 299 9560 4390 8581 7365 8584 8302 5272 9673 3565 1691 4694 3721 1615 7032 4682 3890 2478 5652 9915 6017 9432 9867 9448 7263 6385 1092 3195 9963 8352 8156 6071 9639 1738 9004 9350 762 8794 7126 75 5393 3231 1644 6352 8707 7715 8531 2460 1425 7934 1827 4120 2170 3747 4652 8188 1649 2623 7768 169 2193 899 2607 8799 8571 5646 8409 7393 9041 2359 8902 8633 1432 4399 7607 9526 7752 1865 5549 3867 396 9328 3324 9145 9120 1500 4588 6217 9511 639
2691 2192 3719 6297 8926 985 4022 4283 7031 2920 4482 3420 7126 4116 2371 7754 1797 760 3550 438 7825 3010 1683 1532 3839 7901 4134 1554 3319 9549 2466 9565 4410 3034 4266 5992 4089 80 3565 6251 1999 2276 4322 1231 2751 884 2228 7226 4709 8135 3574 1167 362 373 6121 5906 9041 4941 4427 9116 2095 6647 3259 8705 8792 2994 6938 7778 5901 835 6503 1656 8203 5665 2422 2845 4687 5932 1912 4760 3353 5820 1817 2626 8244 286 313 1604 5179 7808 6553 8755 2231 3715 9294 5087 9084 5031 2613 3472
8314 9473 1934 1462 7607 1018 6543 4111 7523 5295 9067 2312 2845 9066 6181 1782 4427 4515 3601 1445 5427 2556 4559 6761 6265 1347 7822 1533 5581 2536 7936 6315 462 8446 808 3957 2174 9627 1965 3853 9482 853 9772 1432 1325 5782 9382 1551 2230 9156 1243 7844 6228 5334 1424 2114 6034 883 8428 9933 3202 3746 9931 9867 9205 7573 1891 6831 1795 8066 1423 8755 5905 4634 1254 3406 3713 650 2422 2013 9887 1633 6004 6027 1519 6757 9185 4015 9893 2896 8474 930 203 8779 4962 587 8637 6568 67 7386
7408 2107 8507 9298 8703 7983 4519 3977 7098 6089 9255 9014 7778 455 7317 5030 9705 8659 2596 6385 9273 8523 3554 2201 1731 7995 5334 8691 5791 6631 6297 1449 45 6352 951 586 2902 6400 2820 9525 1018 430 1834 6844 447 6208 6152 7764 3282 9514 2291 5925 6831 362 7523 5801 2228 4220 4962 3956 3049 7716 234 5479 7198 783 3492 779 5652 1423 6953 7139 155 6109 1615 4575 2422 5048 5889 1735 4497 3154 2247 8210 1756 2365 6570 1356 9866 7871 3626 108 4907 7874 7136 7502 1778 6538 9483 7325
8619 4386 9692 8866 3391 4798 558 4774 5106 5683 8366 2496 3174 8709 3222 1244 1807 3427 7319 1449 703 3007 1265 9629 5976 4370 2614 341 6959 2201 8862 4760 3812 2132 8413 1824 64 1212 3559 4077 1026 6475 1255 6009 1105 6750 2266 1453 7711 9851 8596 6696 2023 829 5016 3894 8192 5735 7172 7619 8793 7752 5692 781 8232 9922 960 9350 9705 4190 4643 5227 1837 85 1984 1039 4082 9514 7257 2835 123 4684 3348 2242 1240 1280 5108 7249 4575 4905 3211 8077 3741 1102 2230 1042 5714 1354 2702 3215
6385 7380 238 4286 3557 1058 455 744 4469 4448 1244 5889 4784 9284 8266 9599 2757 3188 4910 5155 7504 1651 6905 6306 4451 4775 9004 1250 131 9760 1898 204 4390 2550 4492 6070 7223 2201 2438 6089 3866 4637 3726 5310 662 8223 6358 3030 1386 9851 7005 5238 8470 1423 7797 5962 2135 5427 2607 3252 6178 6915 3169 8923 3045 4093 3281 108 504 1951 1404 468 5837 7165 5444 1077 6041 2450 659 1988 8779 2296 2585 1080 1385 8378 1871 3811 5918 635 8643 5098 3536 2878 7764 5711 5079 5652 7237 9930
2613 8125 8531 4274 9295 5782 8875 9031 4619 7096 7098 7247 4863 3169 6071 8597 1345 3155 6610 6380 7551 4083 5636 8055 4390 1092 7156 5896 8905 6150 8254 3508 5915 5930 1136 4841 5581 428 8461 6057 8911 358 7857 9772 9387 2744 4680 4461 5079 947 5308 6262 7408 728 3550 2313 1782 9930 6385 8186 9761 8253 1601 6162 6297 8045 222 1539 8155 2668 6156 3892 8914 726 6934 3715 6370 5301 9465 8846 9328 7577 179 6350 8072 123 216 1807 6971 9273 2574 9583 6475 1018 1865 4830 563 948 7745 7893
1865 1445 2495 3812 6423 3819 129 7573 951 1420 9295 9637 7444 4570 9963 2523 4034 6888 2227 4546 6643 505 4114 6321 9004 625 7565 9851 1467 7807 2513 9031 7422 6560 7331 6323 1655 7764 489 8470 7081 5960 206 3410 7780 3947 9511 7774 2946 2934 5274 3236 1100 3168 9411 5079 8693 5865 9639 1487 3540 8322 242 2214 9410 6988 3043 1633 5880 3936 3961 5776 6821 4245 3355 3124 512 1624 2170 2335 1105 175 2379 9617 9768 2617 1330 3241 8597 3253 8779 4727 7096 6348 6633 5064 5784 4897 1961 9128
4023 2168 952 7831 6500 9494 9930 7577 1212 4531 2491 4295 4221 8834 6652 362 6877 4077 8812 4225 7517 3509 9030 8797 5832 1268 2610 6811 6182 7737 620 5889 9298 4480 2583 4192 1085 9318 2259 5072 599 1136 2729 755 2525 9462 156 7733 587 910 8639 2193 3572 4207 3348 9878 3281 5032 4638 776 8475 5360 2114 4436 5665 1795 3369 7601 5312 871 9083 6262 7523 4215 773 8182 4752 4885 3999 7257 2372 8577 5744 3617 8988 9599 7689 6871 5791 7163 4211 3402 7686 443 4029 1327 3508 4962 3635 7879
2376 4390 7011 9041 1018 9451 3565 4327 5185 151 8409 1092 1312 721 8457 2230 726 9298 3656 7760 6158 2845 4122 5553 9517 4539 2810 4585 5652 7876 6162 8774 7032 2270 7331 6831 9747 8543 2460 662 7573 1446 1447 300 1863 6030 6772 4724 7479 6398 7386 362 1567 4427 123 5272 3231 2035 4567 9901 4120 6779 8418 7894 5726 4331 8659 6975 7976 3008 1155 7143 9350 1539 5194 1896 5295 2873 7945 462 8412 2399 7537 6802 9255 9328 3919 1537 7393 639 1123 8252 9257 4112 2285 6757 399 1698 4379 1770
5393 2891 4286 2129 7673 7715 9041 9031 1203 7464 3722 5941 5831 2925 4000 9930 9134 8581 169 2358 1628 3471 362 8376 7301 8700 1562 7460 1088 7843 311 5863 2696 2326 6385 9963 9313 8832 6965 2252 3525 5295 8774 1559 5882 9525 8045 5549 7820 3426 1732 1731 8100 8125 2331 9391 4092 3259 3124 3559 8982 8886 7523 5665 1467 9264 4077 6464 9100 2607 436 9572 4197 2262 1724 4247 8763 7839 7364 1365 7342 5334 1487 4848 2647 9866 3508 7886 6402 4271 5072 2516 5801 7246 7901 4890 4175 2211 5707 2098
1092 108 2986 7549 9041 6385 3154 3941 3785 6287 2291 7325 3292 2466 4272 1633 3620 4561 8866 383 8483 5119 7148 6403 8503 9103 8755 3781 6672 4510 2119 9261 509 4302 8431 8156 7523 6133 4480 1624 6610 2107 6937 204 8007 3559 3350 9123 5867 2281 8779 6002 9269 5255 6778 1394 7995 8887 6831 7813 3574 1731 9703 8166 1462 7364 266 1432 1649 8823 3226 3686 2549 2129 7251 3197 4230 3921 1096 9092 4015 7300 7725 7975 1568 3871 8266 4016 3536 6925 2436 3693 6111 4022 8703 2025 2295 6557 5606 8637
2211 8683 4848 6753 3567 2700 4410 1293 5831 4543 6417 3086 760 4186 5755 6938 1596 7723 6431 3393 658 2043 587 68 9969 2519 3278 2610 1537 2422 9415 362 5889 9026 2517 9510 3064 9866 560 5462 8303 1760 1365 1125 7231 540 1748 3233 7817 1003 928 4469 3692 211 9930 7815 6790 701 3529 4528 532 5947 9938 2349 8748 6910 4054 3699 8384 1068 3066 7145 4636 3239 2466 6208 3964 4681 419 9838 7929 7630 2696 893 8403 8285 7464 3503 4449 8346 436 333 4576 9728 4851 8362 6162 3706 4717 1957
2925 5791 8100 930 2372 4441 6870 8428 7568 8314 6139 4375 6577 2493 7499 524 2408 928 7383 7590 3287 2852 6385 6336 9171 5981 634 5858 9465 2168 7982 3661 2647 1537 1843 6361 3998 1860 7554 3124 7160 854 2011 3937 7415 1512 5714 1130 7464 9076 9294 9179 7198 9599 7492 6148 5199 7332 1422 6691 7523 2933 8120 3145 1018 9177 5941 9930 5676 3730 4945 8363 7226 6965 1629 5549 7745 3413 4322 186 307 7551 7380 9686 3474 4122 9401 1934 7785 6887 4356 8045 2093 6389 6616 5049 9761 4570 5782 8707
9588 2735 8045 2725 7750 1035 8815 8988 7256 1787 1961 9083 4784 9751 7066 563 5654 6385 5014 9205 3783 6635 3613 7466 3657 7523 6643 7345 4786 2168 256 5552 5816 9211 5254 1190 2433 4462 672 4570 9526 5889 5237 1445 5831 8032 6934 9963 8581 2607 7718 4074 3920 1543 5902 8233 4536 5738 488 3775 1477 7742 4312 9076 8294 8995 7410 7754 7933 8371 8418 7728 7059 5307 7119 1624 5884 2344 4977 4118 9672 566 8753 2423 5759 3518 9621 6505 292 8100 5714 4357 6323 484 3251 8887 2153 3610 9267 3255
