216 447 662 754 569 770 645 759 139 769 147 170 505 651 668 90 655 642 526 909 828 578 647 847 926 826 165 572 861 44 723 441 802 223 631 726 690 915 865 598 991 942 251 291 504 186 834 738 453 737 923 678 985 339 365 48 473 680 383 777 425 237 634 470 528 258 900 844 16 995 137 947 852 377 927 612 66 908 708 114 443 188 278 795 394 358 531 418 219 173 581 775 256 393 511 918 812 231 211 465
652 766 533 890 834 361 711 754 995 322 662 45 141 417 388 37 966 179 447 927 985 34 362 719 106 639 455 258 23 548 251 2 600 724 853 389 840 36 511 238 572 199 801 889 52 631 300 977 748 431 437 793 687 173 924 512 883 785 194 721 946 275 98 515 770 492 393 469 714 56 833 132 634 919 805 250 345 428 522 398 219 8 947 453 917 438 91 958 314 918 68 16 855 24 804 403 5 397 350 655
438 533 952 243 290 288 526 564 602 80 728 851 64 634 864 205 455 974 347 426 233 759 853 66 754 770 569 865 573 18 913 91 581 216 844 28 943 992 38 587 77 221 807 689 921 884 763 966 68 556 983 402 904 238 242 122 211 230 234 305 217 289 213 601 380 149 645 687 142 793 156 367 456 985 168 484 258 11 817 65 766 172 400 973 515 251 982 348 792 708 461 465 809 530 823 902 310 611 5 275
71 890 770 251 253 921 846 527 56 102 417 10 221 738 772 8 581 799 85 426 250 927 462 21 616 166 313 375 991 205 571 807 753 586 199 238 275 662 987 4 823 114 526 771 300 853 411 393 455 918 588 975 966 540 147 937 973 427 922 438 917 355 143 503 913 718 645 780 494 403 983 943 612 692 601 501 666 954 276 18 48 982 464 955 460 817 14 512 222 668 542 136 786 126 413 701 90 520 394 554
913 56 634 866 363 928 370 918 345 763 534 488 662 27 731 927 533 288 456 34 361 738 759 726 622 985 333 243 492 607 22 719 190 200 941 801 974 937 104 60 601 441 787 194 37 401 770 495 139 778 904 995 784 895 824 130 717 853 682 939 23 906 469 374 846 687 810 494 954 368 837 172 666 503 661 245 290 525 274 382 403 476 2 657 821 766 36 872 743 812 571 765 678 920 842 416 77 331 364 931
447 413 238 91 581 37 191 886 642 662 647 744 927 856 769 106 723 179 369 403 868 253 483 805 121 618 533 345 455 942 137 418 438 789 465 361 363 666 713 985 71 60 770 958 833 296 683 123 996 412 812 966 313 548 375 895 842 232 441 855 393 807 170 696 983 205 982 230 953 120 275 307 692 616 505 872 801 512 489 282 922 394 920 791 539 213 534 340 66 280 571 166 416 398 221 963 411 420 85 389
770 240 569 53 943 807 526 394 72 425 992 462 310 380 908 954 296 753 798 754 643 659 464 918 447 793 23 520 744 234 428 656 983 10 756 685 657 634 795 921 623 923 723 886 375 155 996 266 37 455 454 3 179 927 583 720 502 975 301 821 308 689 517 721 369 322 98 662 347 571 282 105 75 168 794 152 541 780 242 894 56 597 919 874 68 427 114 832 648 906 708 982 528 915 96 902 876 142 749 731
53 45 37 578 104 929 976 569 211 106 516 613 103 379 251 110 641 778 470 292 394 311 821 998 163 533 801 298 131 943 216 966 697 717 191 539 670 179 172 752 44 488 300 160 737 168 34 730 375 926 662 834 973 441 864 895 142 985 527 793 861 509 786 456 153 5 93 823 310 209 910 468 147 503 756 526 455 290 234 190 655 683 842 367 412 332 574 772 815 457 54 447 1 365 266 726 529 784 770 250
462 142 447 714 708 147 190 123 853 274 117 952 244 706 438 726 515 908 18 913 566 618 639 511 653 37 864 106 849 946 999 874 199 448 917 56 377 701 455 770 238 251 973 326 425 394 621 179 343 426 634 727 275 418 163 393 534 569 574 531 842 652 533 369 91 234 345 327 54 435 253 512 472 747 720 758 899 795 784 98 26 611 586 298 637 975 904 189 954 370 730 76 757 139 392 827 156 191 895 319
634 662 864 211 784 917 627 488 501 673 317 955 216 393 878 310 194 639 413 75 669 954 611 122 373 728 374 593 371 345 456 455 56 620 801 142 704 394 985 210 723 663 196 726 71 969 738 389 503 256 428 780 876 416 606 717 803 916 623 761 770 242 589 370 106 730 736 465 472 288 363 290 715 91 737 209 766 546 699 706 179 924 425 913 7 645 35 240 660 748 890 233 711 497 796 36 261 642 903 172
211 68 155 966 793 662 644 142 927 647 456 413 194 682 679 629 189 890 304 634 600 939 468 221 455 946 796 696 310 759 313 64 782 114 625 723 915 856 985 738 851 431 238 447 417 820 929 242 817 386 60 860 110 823 526 569 993 261 784 266 472 902 205 804 798 778 767 731 775 23 720 411 791 26 512 4 391 574 802 628 480 377 400 152 350 228 412 807 854 168 342 808 179 75 484 55 596 995 490 113
324 275 868 781 77 890 994 505 37 834 759 361 844 345 473 708 780 431 765 455 221 966 106 391 921 628 993 917 827 81 566 771 801 276 196 347 555 534 465 131 744 877 211 213 78 515 142 389 717 306 367 101 634 80 726 611 791 653 393 848 738 237 73 937 976 770 90 91 156 778 251 408 94 369 476 711 435 522 635 114 216 168 126 577 979 983 233 658 47 723 543 904 204 374 462 85 987 602 599 550
26 142 817 610 123 903 946 4 770 647 453 645 634 204 991 294 77 179 775 727 790 21 592 635 17 480 572 617 759 327 662 505 347 527 778 531 476 864 776 927 233 488 412 333 512 72 469 966 550 777 973 920 723 238 569 130 652 539 211 468 151 403 172 843 23 918 503 64 704 103 507 479 954 351 251 853 794 793 855 762 815 230 750 549 886 261 8 796 407 287 661 296 746 244 928 738 616 491 209 289
770 533 199 468 778 217 728 804 155 156 792 492 793 853 37 854 832 212 216 347 992 995 36 693 581 172 74 697 797 106 867 310 246 117 805 921 753 163 634 72 943 90 726 53 253 134 895 414 456 425 923 22 400 829 720 601 902 211 839 56 996 251 435 737 413 345 916 668 758 904 146 515 177 447 887 312 528 610 132 288 929 748 931 690 974 100 779 363 522 437 924 532 252 864 438 815 908 786 151 856
114 805 864 147 704 45 191 782 322 296 398 37 834 928 118 81 985 780 491 616 413 23 623 726 569 56 388 797 419 393 821 927 570 662 668 791 679 67 438 172 974 895 708 722 853 221 982 368 361 205 936 198 71 106 487 958 292 781 909 456 634 383 300 428 65 439 657 375 523 794 416 179 904 759 719 607 324 54 855 26 288 784 22 218 586 0 75 232 310 833 940 34 501 330 236 730 511 119 342 92
246 548 499 114 292 211 890 473 581 814 147 355 242 142 438 929 994 662 522 22 775 795 240 614 294 17 288 563 827 974 401 851 269 995 926 637 152 99 653 718 4 527 309 258 463 462 770 821 104 556 692 90 121 989 298 853 834 66 53 166 439 16 193 601 480 607 231 123 804 98 339 455 617 216 609 108 947 7 168 902 487 197 505 865 37 754 628 572 647 503 618 927 685 546 884 174 300 798 707 735
974 396 456 844 927 282 251 539 759 296 954 288 8 102 878 943 223 71 715 275 345 221 861 639 782 848 555 368 849 692 294 111 322 817 238 194 104 186 753 754 106 528 465 501 778 241 413 137 818 276 394 1 857 447 200 618 119 917 428 895 401 966 438 617 141 165 804 497 172 243 12 188 780 130 416 155 211 432 56 805 306 655 375 387 919 896 108 642 199 744 292 575 281 657 807 851 367 66 803 324
817 759 402 416 974 155 730 56 954 566 890 122 280 522 345 662 216 10 548 383 428 858 895 191 473 772 26 886 992 723 789 769 853 43 503 251 648 196 828 612 731 778 827 70 429 352 744 363 142 770 230 245 668 130 878 447 599 403 899 856 658 388 456 231 179 464 438 314 862 371 691 717 928 904 332 921 472 726 355 982 805 143 502 475 78 991 943 95 836 393 861 751 807 326 611 966 132 110 417 865
23 186 533 142 548 895 886 93 853 447 310 468 569 603 243 864 258 190 321 404 778 690 855 937 549 139 763 87 572 211 371 524 517 714 406 739 929 244 687 179 163 827 152 28 335 435 165 387 325 849 462 731 639 414 200 470 801 237 946 168 730 691 216 974 692 367 322 923 501 723 770 662 728 766 448 622 304 576 613 438 403 610 401 706 44 114 37 847 254 70 147 953 53 697 292 998 784 522 753 650
233 569 468 94 139 938 953 995 472 130 211 488 199 793 926 524 902 495 814 467 104 897 196 908 464 921 679 363 755 503 917 250 455 726 126 397 64 723 770 161 151 756 974 65 387 307 886 462 515 379 56 431 618 566 347 206 516 280 797 296 689 827 683 24 505 847 416 708 190 491 238 865 732 564 904 469 864 620 289 352 738 23 313 39 759 617 471 999 53 253 818 531 920 532 854 909 132 767 31 315
191 142 66 304 211 533 587 548 5 637 243 927 326 325 73 168 974 428 106 784 572 666 26 895 333 117 585 943 285 337 662 549 704 32 795 771 402 234 137 770 960 306 196 647 310 918 246 350 965 726 55 417 921 601 915 801 668 827 708 987 30 890 914 44 362 792 516 209 523 8 430 796 213 376 145 352 723 753 455 476 279 742 126 468 244 22 907 634 375 817 541 995 640 403 96 121 250 14 610 919
533 770 253 147 238 865 662 468 666 30 142 851 724 634 45 773 927 549 18 168 939 795 369 759 402 628 943 71 650 914 96 77 472 849 504 314 389 245 647 613 661 616 859 55 856 638 653 243 848 790 379 723 151 251 462 432 456 484 190 761 548 588 627 141 356 413 216 635 717 25 91 252 223 639 766 313 747 200 692 380 614 505 489 347 1 655 919 488 131 438 743 765 929 464 311 794 442 305 689 796
668 66 412 37 45 288 516 99 995 578 942 168 221 493 238 574 586 533 827 387 779 106 91 394 282 775 575 266 108 252 174 720 770 728 382 620 6 601 982 360 118 949 855 15 405 520 993 367 147 784 514 256 530 345 927 502 304 979 809 697 581 701 904 102 218 186 736 22 34 687 503 177 8 227 690 692 992 152 223 875 821 397 632 600 369 913 453 117 296 688 723 807 871 804 327 132 435 483 611 472
296 645 823 879 974 462 251 973 456 388 194 855 147 414 824 437 66 543 45 616 643 464 237 759 919 798 389 834 369 356 155 551 836 377 314 400 137 670 580 943 151 94 569 488 668 413 39 853 479 526 953 906 173 578 292 984 93 101 37 96 682 81 484 601 476 991 199 927 345 230 620 954 791 383 468 281 470 723 849 644 894 532 539 856 252 196 179 552 374 508 818 530 87 909 936 573 840 26 717 125
64 770 936 914 469 974 708 243 644 921 526 455 995 650 647 780 886 767 576 211 512 505 102 168 895 772 975 759 711 828 777 383 966 428 786 851 567 717 190 789 411 838 887 855 754 142 30 581 666 569 240 528 176 91 913 714 462 697 147 106 514 221 480 238 622 976 476 916 253 114 677 363 77 848 296 216 217 575 17 924 325 613 435 599 769 152 69 491 347 804 110 834 237 634 413 87 179 194 731 555
142 801 194 770 985 438 575 87 834 726 361 37 296 662 56 879 123 261 890 679 571 34 649 114 837 900 352 208 98 243 627 952 253 647 572 578 784 349 635 747 232 488 749 973 394 393 637 216 548 17 812 738 316 704 928 616 995 145 651 327 4 402 211 581 927 15 789 539 414 896 530 601 200 604 387 759 292 28 405 565 291 600 668 533 221 251 362 126 179 339 805 771 363 496 851 88 795 817 502 294
753 731 498 211 432 191 221 677 325 123 462 219 21 897 848 635 142 775 361 217 523 809 488 660 853 999 106 748 345 47 720 780 244 774 455 367 533 101 515 750 886 465 193 282 365 652 242 717 75 238 784 966 697 930 567 726 778 982 673 274 425 447 172 94 927 524 842 516 572 504 929 828 770 458 766 32 383 17 10 39 216 628 370 168 662 872 708 64 14 713 433 781 437 899 512 820 834 68 459 607
363 769 966 383 753 211 465 266 714 251 637 4 701 388 217 813 34 761 639 238 413 931 118 102 647 37 682 991 431 927 298 455 77 147 292 503 305 739 708 827 929 345 113 776 130 377 921 678 707 402 550 172 394 218 197 137 527 228 500 876 571 918 552 874 120 798 610 339 237 673 531 982 855 780 240 231 191 168 572 194 730 276 711 622 469 445 12 332 387 653 717 456 853 993 433 526 204 139 538 219
456 253 310 378 427 581 851 179 878 292 380 53 168 766 23 294 738 411 932 394 472 744 601 717 37 935 639 759 730 217 30 600 708 556 492 849 780 791 491 77 256 186 70 2 104 665 90 314 598 166 495 425 194 26 300 54 937 533 864 890 91 953 296 917 616 548 959 428 775 761 747 64 908 85 413 796 720 120 204 369 896 234 967 646 464 403 298 404 22 743 964 45 770 805 71 531 985 313 193 637
770 556 217 519 194 179 413 864 797 421 456 468 616 552 278 564 842 867 622 266 195 489 209 813 358 472 807 929 817 634 916 701 495 704 953 844 692 723 828 242 708 85 75 407 516 662 943 219 48 639 189 91 902 411 246 668 393 881 248 537 921 388 204 659 443 924 100 427 168 670 482 463 697 186 126 777 114 67 268 894 216 199 754 821 211 251 50 581 909 402 805 54 884 479 163 767 416 68 400 540
464 817 76 804 662 691 155 469 770 717 502 629 917 191 975 778 637 310 166 189 921 647 735 796 32 127 853 584 713 23 634 254 946 73 245 827 179 801 106 927 512 805 72 258 17 736 759 204 511 42 767 501 889 952 283 455 780 69 145 367 626 261 820 834 555 915 697 26 934 172 812 720 854 689 743 253 39 719 242 350 238 168 783 758 618 966 679 619 515 282 520 135 914 831 781 211 851 883 448 87
801 222 723 982 770 923 173 438 662 251 993 936 522 932 616 533 45 16 581 678 818 437 246 620 937 577 131 447 199 882 701 921 607 266 345 393 563 853 569 927 796 169 60 102 643 761 200 188 296 775 914 216 155 847 233 771 634 628 682 966 292 73 23 910 412 548 895 791 692 24 491 53 823 194 156 798 526 339 391 670 325 26 765 805 358 843 772 472 754 600 218 697 413 679 769 954 903 947 310 647
753 456 132 723 921 33 371 943 438 230 380 662 533 199 855 812 407 818 854 46 392 56 738 327 464 974 566 243 112 204 805 325 66 918 119 902 654 586 295 503 726 652 793 442 203 254 292 714 87 548 389 117 413 308 110 147 979 857 152 906 754 679 932 191 759 870 299 927 312 123 60 770 396 238 77 26 786 955 938 677 992 4 23 211 212 849 258 673 581 983 657 817 804 432 397 217 886 363 634 197
853 142 230 874 388 172 106 21 147 503 711 977 393 73 526 790 628 663 687 965 394 244 194 85 791 715 217 533 611 986 326 738 32 228 563 213 637 219 253 548 751 723 573 472 772 777 275 851 639 400 849 744 130 793 719 211 730 858 616 926 368 919 903 955 134 680 335 697 371 427 56 370 411 527 804 114 921 179 493 189 397 74 155 30 123 612 419 413 674 70 780 766 778 759 770 300 701 324 246 983
692 251 300 455 413 369 233 770 995 394 924 652 807 780 152 72 852 211 26 139 806 812 482 569 196 572 605 165 361 708 156 235 599 890 954 310 777 926 600 704 502 805 325 155 884 639 923 85 2 179 336 200 874 709 219 750 720 473 719 778 917 75 56 753 903 763 662 533 857 232 570 401 510 457 495 37 897 243 77 768 634 204 345 754 669 847 668 93 797 966 480 697 521 761 290 150 855 447 481 438
495 807 635 864 697 929 979 205 240 569 731 780 363 223 488 566 132 296 464 993 221 56 770 730 268 516 946 168 473 936 813 151 10 469 534 611 51 407 714 954 522 364 690 655 531 310 902 339 93 165 581 848 787 348 438 634 212 45 984 251 497 365 823 927 282 243 74 234 542 588 571 71 550 376 369 904 49 937 400 601 639 821 647 35 62 620 754 567 211 679 999 867 744 102 726 720 584 288 533 796
581 266 995 211 966 902 887 142 26 662 999 417 45 400 219 388 147 758 66 770 55 528 556 269 600 503 324 652 895 647 994 363 975 772 522 481 455 172 890 345 108 194 473 884 457 272 447 807 853 438 673 744 974 18 355 796 651 904 254 855 510 801 36 726 569 794 337 16 250 946 253 954 180 362 978 540 613 719 60 39 31 17 216 469 914 405 708 288 671 391 289 223 326 190 460 866 321 237 604 114
251 90 488 400 216 170 397 508 874 361 759 200 927 367 770 569 726 106 697 591 816 793 828 919 834 895 775 522 37 409 634 520 98 437 261 755 943 23 820 472 327 832 849 844 183 457 383 199 2 635 298 509 539 94 85 853 473 625 476 333 464 252 455 854 114 416 314 77 3 377 899 864 482 375 224 523 562 936 780 22 717 744 328 211 71 847 836 501 651 730 690 234 707 600 605 799 850 137 661 876
367 345 509 211 437 647 581 533 733 17 472 600 644 190 292 857 374 456 288 567 913 301 333 37 682 73 289 347 855 800 722 350 979 868 620 147 994 708 454 362 975 927 428 720 447 677 645 348 55 628 179 414 216 251 225 914 431 443 523 726 86 928 572 68 36 487 586 478 2 323 266 589 995 238 515 845 257 812 66 480 403 822 966 807 864 507 373 571 252 56 291 960 70 389 947 465 527 473 943 194
904 966 662 218 723 168 569 216 347 629 345 66 996 211 261 310 573 679 18 401 275 827 314 775 26 196 647 571 796 649 231 301 30 399 447 126 862 751 365 770 533 926 711 920 112 984 402 512 634 690 228 795 388 68 321 927 157 598 908 769 87 918 574 578 142 747 793 782 943 896 628 262 148 674 942 418 407 810 136 584 290 52 631 508 639 975 749 864 945 76 386 638 242 529 738 206 363 190 71 509
966 106 455 389 697 69 682 196 679 723 373 983 46 917 786 548 571 522 886 347 565 914 242 645 532 701 400 478 908 264 438 985 34 803 647 340 194 570 657 821 574 333 56 843 502 954 387 753 405 726 32 567 887 581 836 90 428 299 458 949 720 251 206 641 973 348 874 639 211 172 492 627 937 222 228 824 817 170 394 546 749 296 100 784 798 365 780 314 936 827 137 974 523 114 30 731 527 160 555 403
212 569 456 455 200 908 254 17 123 269 522 85 910 191 251 414 268 68 275 804 316 34 770 339 533 679 325 188 170 951 613 304 571 927 974 272 572 801 651 468 417 211 488 809 805 778 612 242 691 919 662 283 234 585 139 668 350 37 542 920 740 879 530 789 575 726 131 548 990 884 812 457 230 767 836 388 639 327 692 45 223 682 973 94 743 995 670 523 552 397 697 821 93 79 822 168 497 878 991 648
123 142 365 114 708 662 34 333 401 730 75 274 199 464 869 211 400 639 244 327 756 748 91 840 726 697 656 893 617 974 282 437 990 56 939 720 469 240 750 77 17 502 256 374 682 539 773 86 677 929 915 668 375 958 290 350 613 722 367 886 492 549 832 37 5 45 865 64 51 692 219 581 126 649 851 805 196 388 233 393 770 294 727 866 138 533 69 413 809 68 87 954 902 771 578 377 834 416 497 238
476 581 921 927 587 427 954 428 132 996 407 393 56 211 682 960 488 266 75 455 438 335 812 179 584 928 864 73 730 104 791 296 724 744 650 24 566 199 243 644 723 952 205 258 156 728 622 610 990 647 190 653 539 26 737 191 275 464 114 866 339 678 528 142 861 692 895 46 212 548 333 526 110 416 189 45 362 87 772 571 657 908 771 288 936 787 778 396 368 731 101 482 967 605 364 601 549 437 982 324
123 726 11 943 526 375 465 54 458 22 817 468 804 983 786 438 915 942 533 361 251 503 921 370 911 666 600 472 216 599 895 952 584 531 106 505 403 91 473 591 425 753 683 999 142 537 995 68 398 394 902 350 217 411 244 310 728 853 17 982 295 300 966 152 69 637 516 815 230 720 213 625 807 793 733 26 476 697 348 992 832 713 927 121 761 335 785 948 96 770 864 668 8 321 250 235 374 821 743 759
966 927 114 770 960 413 720 921 853 844 818 234 155 634 575 170 280 211 2 190 567 179 928 527 711 66 90 275 662 361 38 87 738 500 890 908 368 780 649 816 70 805 766 180 949 502 455 266 464 789 931 489 95 689 723 669 647 737 106 256 393 793 786 369 719 749 625 51 759 221 152 571 850 576 773 491 761 973 428 387 533 456 953 581 796 147 427 985 851 414 388 899 923 470 612 714 77 942 522 778
363 991 56 726 106 26 766 209 533 818 65 999 251 259 647 759 53 534 749 355 583 709 613 90 403 778 537 668 817 275 913 238 22 966 820 397 816 371 361 753 234 692 907 946 682 304 688 717 462 469 289 216 503 310 735 290 85 994 974 977 804 261 550 666 191 659 586 566 780 398 716 995 156 425 172 421 46 935 393 743 789 700 490 24 274 807 929 973 784 447 324 260 600 847 456 571 314 893 663 622
647 726 662 211 789 937 102 216 966 152 22 921 754 447 728 581 26 296 17 180 923 34 890 947 260 522 533 437 470 639 884 908 219 894 29 106 778 400 365 230 569 920 516 770 514 345 701 37 878 495 469 504 347 543 827 452 369 179 45 206 455 715 314 251 199 72 964 288 814 275 139 767 156 85 91 142 367 722 902 584 456 895 274 194 256 713 943 463 853 954 20 832 559 571 955 246 805 342 549 898
697 662 938 856 593 929 842 37 917 465 943 577 793 581 233 373 345 994 456 775 487 114 973 105 117 791 823 453 785 871 778 723 428 977 651 937 394 128 955 261 801 53 887 900 196 445 88 21 377 765 417 123 290 396 90 619 634 412 267 989 617 301 586 719 759 574 414 790 211 627 639 499 686 835 472 569 298 473 813 926 258 152 784 552 239 692 668 744 251 541 325 997 23 945 131 637 183 918 562 780
856 849 662 85 36 719 943 570 251 834 373 102 413 94 793 396 576 454 533 190 650 152 794 455 479 417 564 312 639 895 723 784 326 197 167 386 512 91 324 746 748 805 601 242 921 937 268 267 438 884 499 200 55 627 447 484 178 74 146 672 216 388 77 663 974 288 230 522 606 476 231 733 936 691 480 634 456 992 106 759 853 211 4 30 503 23 562 760 807 282 28 170 276 196 218 966 983 854 958 400
