200 0.82
0 2561
0 8383
0 9345
1 2323
0 920
0 2464
1 9504
0 9036
1 6380
0 3269
0 4839
0 5506
1 9233
1 2592
1 9775
0 9881
0 1173
0 2151
0 3009
1 6074
1 3067
1 3839
1 5025
0 9229
0 7939
1 4166
0 4066
0 1041
1 5410
0 964
1 441
0 9218
0 3107
1 4416
0 7743
0 3687
0 9413
1 2913
1 848
0 5753
0 9466
0 4382
1 7184
0 5308
1 9870
1 6628
1 3904
1 3829
0 8728
1 4598
0 801
0 47
0 4359
0 482
0 3817
1 8307
1 3113
1 9150
0 8544
0 9428
1 9793
0 1850
1 1481
1 9944
0 4664
0 8276
1 7421
1 8788
0 3410
1 1807
0 1213
0 774
0 4413
1 4354
0 6895
1 8169
1 6829
0 9654
1 5234
1 8412
1 2305
0 9128
0 724
0 4444
1 671
1 7596
0 5224
0 7263
0 8999
0 4284
0 1130
1 6079
0 2773
1 5749
1 4420
1 9300
0 1314
0 9898
1 7028
1 1091
0 9385
1 6071
0 7555
1 233
0 4466
1 5306
0 2189
1 6858
0 688
1 436
0 7853
0 2335
0 2109
1 4914
0 1646
1 7704
0 2613
0 9717
1 9567
0 5753
0 1026
1 8390
0 146
1 1810
0 6054
0 7445
0 7152
1 2284
0 8658
0 6317
0 6673
1 7525
0 9486
1 6772
0 1800
0 381
1 6048
1 8546
0 1867
1 2561
1 2663
0 5692
0 8817
1 6314
0 3945
1 7085
1 8562
1 2505
0 7431
0 4148
0 5947
0 6789
0 1149
0 9962
1 1920
1 1686
1 701
0 579
0 759
1 1666
0 8241
1 772
0 5244
1 8442
1 3922
1 2744
1 3092
1 8839
1 1389
1 6541
1 5571
1 7636
1 4342
1 1141
1 5289
1 1113
1 7241
0 1311
1 5314
0 1112
1 8914
1 5321
1 358
0 7429
0 8080
1 4114
1 8804
1 7604
1 8352
0 9225
1 8534
0 4650
0 3170
1 1553
0 2657
0 3798
0 4448
1 2933
1 4438
1 6161
