6902 8561 3118 2041 7757 2266 9757 2883 609 1251 1506 1119 2252 8940 6776 1358 8286 3374 4938 8840 1077 4755 484 3345 555 4577 5784 9184 5712 1164 9155 9852 4193 1921 4716 6335 6051 7902 1394 4237 8332 7431 6647 7110 4648 1036 6232 8827 2928 772 6905 8390 2717 3686 434 3276 2489 7624 7198 2522 6068 6411 8993 5517 8850 5106 2869 3485 3993 7990 5643 7402 4290 8063 2093 4319 6368 2244 5837 9701 3974 2880 8313 3540 8703 6203 4754 6727 2285 840 796 2915 9197 9433 7143 6681 6518 9901 2905 5490
3936 8645 7508 5005 6491 1825 2222 8755 4523 2950 9839 8 1266 1281 6032 696 5777 3648 7242 3180 7350 933 8764 7081 4374 4813 1682 2253 3265 3572 5969 1574 422 977 6204 1050 8025 2515 669 9670 1788 1070 7927 3586 2806 8382 7921 8133 2300 189 1436 2707 1613 3372 6844 8027 2688 7733 4716 5817 4947 9307 764 1041 9543 7070 6510 8940 6298 5605 6733 1784 3974 8620 6359 2530 4786 2960 1017 8558 190 2041 5085 9035 8142 1820 4980 3638 6403 4096 6075 8190 2089 2377 4724 9334 3230 7620 1698 3722
9480 4708 3154 8729 2896 624 7730 7909 7851 484 6843 3616 6752 5847 515 7215 7267 8564 6077 5078 6407 7200 5994 8078 4016 5769 4084 5406 6275 7007 1520 1331 1779 2188 8060 6748 8510 8982 1074 1033 8201 6883 513 5469 1869 3155 2103 4515 753 5849 5178 6996 4100 6820 9789 6892 3845 3971 4690 3915 2596 3222 2160 2239 3723 1054 6166 4952 5487 1311 3666 6117 7351 4051 2759 833 1259 5373 9591 6969 111 6499 4139 6713 667 3536 8366 9934 8960 4177 9639 4752 9893 9905 3597 6683 2841 8423 6446 6435
1827 1761 2379 8 3302 8809 3995 6564 9424 4958 2311 2529 327 4330 609 8337 474 2839 2632 1771 4721 2709 1990 4417 7836 7017 6840 5572 9231 2926 4926 3090 6013 9307 1337 4489 5119 7628 1545 8824 9056 4778 4045 7423 6558 2400 6051 8384 5527 1448 2295 5374 1936 177 1323 8109 2325 4360 2071 959 126 6620 3331 6573 6268 3179 9565 4847 361 7839 1570 1455 3435 9069 1419 9709 4937 4276 9429 8395 9284 1717 1352 6052 7403 8651 1408 8904 6666 4569 9468 9241 456 3451 4660 3222 368 2803 9617 1357
3919 6705 4011 3638 9885 9499 1513 1384 8666 7129 4515 1111 6334 9854 9136 9590 1724 6166 7134 155 2698 9236 125 5987 9453 3292 5222 3318 9422 7136 4016 4471 5347 4909 2592 5314 8464 4661 1038 1412 927 4505 8670 1212 274 5184 1953 6624 3212 7049 5994 1139 6383 3071 5178 7899 766 4640 4177 650 2974 7508 2211 1190 1990 6356 1507 90 989 9196 8319 634 5826 9083 6861 7179 2360 5116 5379 640 3235 2940 5869 9776 1 5847 6080 7363 56 1095 3639 7110 1056 5671 506 1609 2624 131 2759 7106
2226 223 8616 1012 6090 3202 6545 4855 9692 3292 6013 8431 8633 4858 9383 1176 3928 6109 4682 7823 6348 5363 9493 6174 1041 2466 4346 151 1292 9971 1699 7351 3680 9989 9216 7072 2412 5250 5655 5635 5445 9822 3449 2836 7548 6237 7445 6233 1345 2290 6068 5336 7098 1953 5225 842 2407 2041 7254 6648 5954 653 3374 5127 3229 1656 4775 7180 4735 2813 850 6288 9883 7066 2724 9214 1159 6820 5682 3207 131 2021 9708 2122 5348 6528 1164 3635 7480 3622 2188 164 2403 484 6872 8783 7240 1118 3019 7374
5498 1041 8267 7102 657 9740 9494 1959 3296 8636 5081 4573 633 8027 6081 6856 7244 9098 3810 5956 2295 5179 1106 6990 3201 6186 6553 9971 1398 9048 9683 3668 6901 5504 7366 8345 236 8573 7993 9353 9910 6994 8343 520 1904 5896 7417 4412 6723 1643 167 1744 5851 3465 9162 9565 1493 7066 2943 7904 7407 7089 3435 6476 2353 7783 3412 1949 1717 566 8991 8111 7815 9246 1054 805 9796 7288 7688 5054 5078 5881 2881 3170 5338 2401 6075 1707 1839 7926 3590 7930 2536 7275 9709 1227 1063 8384 5064 2936
2400 8026 6802 292 9257 6653 3014 91 9681 2080 299 5163 7861 1352 5353 2922 6913 8683 9525 7595 6006 8229 5894 734 9595 4140 1396 9274 8579 4756 363 3690 9086 7253 6281 1562 3120 6612 1757 3564 6280 4043 2918 9930 4684 2489 3548 4509 8108 8046 1398 7715 3874 8690 6908 4480 7518 2334 9010 9318 8894 6341 1827 8625 1967 4946 6841 7792 6338 2560 726 3955 6391 9027 4422 7264 7587 7958 7536 6970 8733 3421 6705 9402 2659 9187 8900 9591 9406 864 2053 6607 756 3215 6154 7460 140 1709 4402 5351
7216 8265 6030 792 8205 127 5881 2668 9404 5028 5243 2824 5588 9623 1214 4333 3532 9105 2145 6200 8272 6102 2563 2188 9233 7660 3292 7518 2199 8428 5360 26 1554 3222 794 4763 4260 1013 856 131 2566 482 9593 1212 2968 8207 4640 9347 9673 694 6323 8872 1026 1892 8259 107 8370 2825 6023 1486 438 655 1563 9868 5307 3035 6853 891 1707 3769 2845 8048 2250 7355 4346 9659 1520 9236 8050 3465 5184 3611 5992 4995 1941 4592 2804 5526 7961 1123 3666 2494 8415 7379 9739 4516 2974 5173 8778 661
6740 7891 6728 7102 9336 5378 2704 3692 5137 8203 633 8458 5224 7343 5957 1315 5876 7500 2963 9820 2395 7654 488 4249 1025 4136 7110 1659 8049 3047 6573 2626 9728 6613 2773 3383 1032 7093 5514 8885 1569 6858 5288 4854 6510 2012 311 1823 4796 3323 596 8667 3735 478 1421 7847 7848 1119 6927 6052 6720 6379 2313 8988 2424 7473 6991 9677 6221 2857 1108 169 2625 2404 5598 3469 4016 9027 1292 5490 5562 5688 1419 3372 6985 9813 7301 3893 5925 8946 4715 6606 1084 5810 2565 1497 7908 3399 7492 7958
8142 5621 7277 3312 8374 9639 3819 1719 3391 6561 9445 9595 1151 1280 9036 1268 5091 864 4933 1487 7971 3154 8360 5601 6337 6764 6061 8070 6097 6089 8051 5046 8982 8224 4047 6521 8207 1061 8875 721 2880 208 2799 3679 489 8654 8979 1947 6749 5101 6221 2659 3472 5589 9748 4176 5014 3207 7737 7536 9846 9950 8303 5333 2400 4752 2087 6147 9086 2213 8892 4659 41 5889 3699 4036 3349 7006 6307 8707 6891 8423 4112 7460 7249 1343 7031 5293 4926 7637 7991 3273 881 5352 5297 7658 9996 8201 9229 1491
1056 9957 7277 9509 2825 3416 6227 2212 5208 278 1699 90 6669 7211 3404 2641 3180 5017 4865 7836 7447 9114 1435 8439 1048 498 9440 9439 2360 6509 4274 6802 2512 1319 1526 1969 8337 6089 5294 599 9900 174 8601 4055 9693 8376 4947 5148 8671 2649 5723 1796 6626 3606 8311 6449 2196 8086 4561 6251 6102 9494 3327 943 8 4171 1427 4175 2829 5232 6952 6171 7071 2867 4777 4605 7249 4569 6369 6984 4206 3482 967 5387 8230 3874 9318 4256 8766 9221 2143 4855 5579 6013 3993 5195 660 3717 1339 6150
4871 8479 1053 2089 3974 6198 568 8338 5111 2223 7200 6088 9532 2283 8654 3975 4523 3296 3103 7836 8979 234 923 4330 6573 364 8989 9515 1332 7185 9445 4221 7864 5903 8928 737 3774 4798 2406 1573 1520 1191 5486 5690 4868 1486 9312 3793 1859 5600 2142 2599 837 4148 7915 5621 1350 2687 938 3767 7341 933 269 5257 4958 8399 4850 9311 4189 6116 7636 2938 8204 6809 7070 244 3348 9441 6233 920 5851 8740 4809 3756 8221 1575 7577 8281 9039 7392 3734 8123 7547 3349 8303 5075 5088 7552 3798 2246
9570 5817 2416 8677 9768 8504 1761 5710 3820 4748 555 364 5209 3391 1373 9552 2850 6139 8793 4884 4005 9372 534 3274 5855 2618 2093 1427 7751 5772 3358 8413 4203 3118 2876 1358 6813 5444 2076 3579 6553 4828 5784 1525 2213 5647 6972 3637 3230 3977 9287 9637 7101 2371 2201 3756 4777 3268 9387 7971 9710 413 7297 7587 6726 1526 1179 964 2671 8468 2345 2825 2297 3787 6261 66 6405 3331 9580 3131 5232 5009 1321 9837 1212 8197 5906 7683 1990 5018 5045 5735 3121 6338 9001 8961 1803 7238 1538 4092
3344 3249 9083 8719 7413 9323 3568 7366 3058 8887 3668 3112 9603 6884 721 5474 278 2728 9419 113 9620 6534 3138 9837 2376 6387 1077 2879 4469 8223 6843 3647 722 290 5159 2529 9725 9935 595 3318 2466 7864 8129 883 7049 5549 4682 3090 9840 1181 6839 6553 8384 1982 176 5583 5441 5232 7850 8617 484 7587 1954 2506 2769 6514 9683 6925 2610 9863 5311 6528 4396 125 2409 9408 8166 1651 4011 3469 5481 4918 9174 3641 4586 9432 9105 8874 4610 6307 2404 9264 8951 571 3313 562 7333 5118 495 7019
2799 2224 8271 9383 9665 5439 6883 6420 6660 9432 1373 9363 2370 2392 4802 1359 1530 484 3961 766 7536 8973 1006 9831 5571 114 465 1919 1600 7283 5886 3925 3637 4013 8300 8103 8083 522 7016 7906 6237 617 9447 8914 9144 1137 6021 9025 1334 5741 8679 9583 2519 6523 3744 6949 2873 1157 1611 1487 2361 6647 8047 7731 539 3992 3246 9639 7790 9936 2668 275 339 351 5791 4893 867 3948 1414 4967 9480 2940 8363 3282 2143 7171 9971 8938 2040 6252 6907 4349 5058 7192 5575 9257 9850 3461 4855 9926
912 3685 5776 2816 2972 5570 5415 4034 9114 9877 9552 5457 9221 6261 7545 1896 3819 7924 139 1373 1989 9795 3494 8557 9019 7249 3990 1148 1703 988 4504 3225 4356 3668 1233 9531 2513 3320 8667 879 7519 2981 6123 7049 5903 484 7815 5648 4246 5239 7348 8240 8534 9858 2585 9964 2301 281 1414 4215 9292 9883 7353 6605 4191 7546 7933 2825 5135 8761 9617 4101 3741 4245 4809 6862 7396 8415 3065 7681 7358 4079 3647 4412 8099 7376 2886 4464 494 9458 2321 2384 1333 90 3112 7135 5106 6239 6420 4502
3778 1851 2502 9432 8464 6693 9119 4128 5307 1948 1827 7148 4107 5481 21 2495 2252 7083 9422 7038 805 7810 7281 3217 3590 5626 9562 9557 3771 9632 6185 4487 9333 3873 7674 8934 4346 1227 9513 8639 7590 3291 5954 6551 5216 1081 4803 1954 4755 3231 1387 6279 2579 2744 6652 9031 292 2903 4630 26 6511 8401 1703 6358 8900 1666 7467 7596 5913 6761 6024 8703 8365 9822 6695 4416 786 1953 1259 5923 4217 4083 2529 6892 9387 9073 2238 9811 9773 4784 3485 7889 883 7635 9214 6110 937 1513 4999 601
3408 7182 5241 1065 5017 9332 2143 3161 8403 6420 811 1126 5138 562 9926 5206 6540 2519 3073 1889 6908 8259 488 6196 2841 3993 4738 2529 636 6356 9105 6266 312 9494 5805 6041 8672 6595 7799 5776 4891 2940 4079 626 300 2649 3394 7939 1634 7445 157 7033 5498 5675 5443 2365 308 5801 281 6193 2916 1359 3258 8992 721 8363 2296 5844 1997 90 5455 5009 7050 1764 2606 1383 4752 9643 4466 7946 9509 4266 4218 2038 6931 5076 5179 7819 4585 910 1951 3839 1662 4701 6358 3915 9255 8863 9236 2671
4112 8746 3204 7856 6644 2954 1600 4382 7185 8028 7638 4816 90 3845 3398 6209 9507 8338 8207 17 4346 3993 3878 7508 1953 7507 36 3410 6790 7842 7409 7121 1503 5037 2245 3369 8594 1885 9354 2223 186 6116 9828 26 4399 2946 7212 309 1338 6965 6866 3416 9345 713 7796 3449 1350 5738 7836 165 6202 2493 472 1259 4040 4487 5961 7882 8475 4204 6289 8370 2150 397 9873 8097 4018 7179 3296 3686 8946 4868 3395 140 2732 1362 5320 650 852 200 6457 711 7004 6511 4224 6727 9422 7505 388 6162
8749 2841 9595 7214 7299 9639 4716 234 6504 1188 2959 5986 7878 4581 4999 8982 5629 3956 5966 3083 2050 6097 430 7116 4298 4993 6354 579 7760 3414 5776 1032 8499 9325 4016 921 6370 2878 9294 3699 7825 3211 6013 2365 9027 190 8448 9763 7815 5494 120 5802 5231 1646 9449 5087 8247 5370 5401 5838 1735 4438 6231 4170 6476 6764 7555 3120 3558 1261 9941 7031 3961 7991 169 9308 8794 4737 3352 7536 8960 1012 3668 3064 8261 1231 4094 5752 4173 6380 2762 7903 1794 8773 2043 198 2337 286 9683 3171
4829 4605 6937 6029 8590 8170 365 3847 5520 1954 6453 4256 492 2301 3226 3240 2515 2585 755 9956 7103 1867 4356 7417 6004 2653 9333 2902 9062 2738 598 4690 8877 3698 5851 7329 1520 7402 2842 5553 2207 1240 4447 1567 8800 9143 279 3938 609 4798 4402 7880 2355 3613 6631 8074 821 8093 7372 3410 378 1323 7760 6939 6196 6635 70 2974 3210 8442 1609 7453 5081 6572 7712 2178 9213 1239 7885 4151 2876 3490 5641 6996 8815 1277 7704 2168 5525 9464 6818 8959 184 8986 616 7117 3114 9978 2649 2436
7059 7704 489 8202 8570 4027 1145 4704 5738 8634 7447 9659 1104 7081 9212 1659 1520 4358 371 7402 4401 7333 966 3314 7504 5713 2392 6369 3611 4654 6305 599 4843 8103 2264 3225 1724 2688 2503 5333 766 7483 1108 3622 3051 2746 1006 8748 6150 3445 7267 7230 9285 7453 3150 2560 1366 3348 4568 5152 3214 3204 6314 6371 7537 4208 5350 8436 9027 472 8198 5455 6209 8156 354 9119 9258 3662 9257 6057 3246 17 6844 7350 2917 5029 8620 1637 255 6733 4947 3344 995 1744 7368 3139 9334 705 6843 3081
2311 3609 6476 4167 6787 1809 8685 2894 2376 9583 2115 2883 818 4038 1807 6996 4518 8877 147 3915 8945 9883 6232 3626 318 3683 2854 586 3421 2192 7715 6985 9877 5421 709 4127 7585 4440 542 5178 881 4977 9890 2288 6371 9895 90 8667 3240 7167 1384 7825 8463 2839 2070 4119 2851 2011 4687 7232 9898 8854 3390 1053 489 160 6334 24 5162 5309 8929 2991 2645 2878 2446 5526 5793 5069 4745 9886 4648 4024 6029 5928 3416 3668 7665 3689 1494 721 7679 886 7031 4537 974 4564 7193 3153 9224 1127
7386 1914 5435 8856 9139 2031 891 9299 4769 9254 8552 3725 7970 1398 996 6227 856 9030 3135 9307 4666 6984 6457 5819 3207 8281 869 6123 6105 7241 6233 2037 7065 2598 3963 3461 6523 1116 8633 3576 1666 1940 4527 3413 1015 1382 266 1863 5344 8237 2135 4626 6195 7135 944 7976 4826 9317 7026 534 6135 2246 6683 5373 4094 1487 934 26 1897 1743 1018 8543 6273 5553 971 6494 3224 8938 4752 2458 1953 946 1923 8259 4168 8142 3964 4803 5616 4926 4304 89 2515 2596 8674 5125 8491 6699 2283 3773
9524 1525 1582 8167 4926 3378 6084 327 7289 7269 3500 4809 2665 4871 412 9846 3616 9415 398 6161 6206 9109 413 4431 2175 6369 9157 9039 7000 1717 4723 7197 75 9276 155 3204 1968 2448 7049 5045 4365 2917 8633 8275 7929 1047 4958 4274 1953 3638 2320 5329 6143 1954 3032 4238 1275 3306 7056 8142 2087 4901 5199 6109 1688 6899 7251 4405 274 129 6984 5540 7645 9246 1291 4856 8439 6013 9676 4378 3725 7462 9343 4779 2179 7105 879 8391 6467 4067 6639 2614 8508 7345 7200 1748 3230 548 841 1903
822 123 4688 1229 8221 570 2000 1496 9688 5010 2178 2434 672 1244 4013 365 2688 1865 5908 6403 8779 5847 5980 316 4274 2923 6386 7198 6253 4265 3532 9085 2825 8856 7930 1629 2611 943 2428 1259 9648 7586 38 7327 8111 3791 2254 5731 5294 6367 2635 6631 1193 1365 1331 8422 1688 667 4403 7242 1830 4605 840 9345 2001 7547 4600 5029 5490 5245 3989 3525 1598 4051 6555 8150 5216 6075 8330 6652 4648 5248 7778 1743 9054 8327 9388 4253 9934 6069 3949 2901 6350 6246 6356 8395 1018 8011 2025 8485
4422 7990 6680 4133 3393 8123 4831 9429 9269 8292 7042 6154 8790 3787 4526 4456 9343 2071 3449 1908 1655 9524 9655 9493 7788 8265 4138 9129 7342 9499 3021 9846 3974 8763 6607 327 688 3485 4968 7385 5360 2933 2724 3618 7595 8205 7432 7049 3204 9554 5579 9069 5600 1313 3047 3435 8710 5165 5072 6868 9637 3085 752 6933 9311 9482 6903 5939 7836 3889 8740 3734 3652 1491 22 3821 5554 1644 9466 3207 1164 5351 3488 3323 4972 6802 1943 4555 8076 4995 4927 2257 1251 9559 9835 1433 2290 9580 6232 6088
7524 6114 8123 2423 9956 738 4670 7082 4351 3721 792 2342 3579 8453 9225 7210 9216 2730 3474 5754 3407 8607 3720 4177 7323 9077 7712 6553 8586 3035 4718 5109 7030 4447 4883 7066 6154 3090 3274 2850 1260 1568 7945 2899 6849 8317 5851 562 6548 3551 6443 7938 5921 6420 2080 1394 4520 2454 6847 653 4280 2376 7324 1191 8356 4286 6802 5069 8129 2460 769 1820 4526 609 9095 5065 5635 631 2624 5481 6224 2029 4573 3558 6185 4487 4187 9715 6724 5146 7527 6915 1526 9904 1570 8948 6153 9167 4402 3543
7995 1201 5724 6030 6648 53 3615 5876 5822 7686 7915 5495 6921 1767 7984 2502 7052 7182 5167 7638 7715 9122 4637 617 9197 2800 204 3551 553 2545 8002 2722 4821 8734 1940 6615 8808 6923 521 5235 8129 1036 7636 2454 1203 766 5141 8285 4922 3690 2590 4724 5386 939 3069 3729 7681 3766 615 1310 755 4955 9324 5922 380 9865 8428 6436 7924 7777 383 6106 5444 5713 4606 970 4202 6166 868 4211 5963 5898 9095 9976 88 7120 9399 2321 6127 5513 8103 2534 9854 5828 8168 5817 2346 7413 1129 421
5222 6622 4884 9343 8387 1639 7120 1262 2519 5235 2860 2545 9730 5449 2728 6765 906 7368 1430 786 4704 2436 7671 5196 7144 8455 8253 4903 8338 9192 2371 9016 4374 8940 7612 32 4721 5356 457 2758 8862 4170 7784 2276 5713 3791 7674 852 6547 5009 3744 1336 6115 5045 6086 8472 2769 4375 6949 8688 3622 8657 5201 4825 8431 7555 6939 520 7518 7929 7450 6481 2231 4380 9693 2092 1302 1699 9324 5848 8212 4152 6422 4235 1647 3761 4958 1049 5979 3552 5516 5278 6213 2735 6247 3435 5531 5799 3271 5696
7247 3101 9968 7411 6575 113 9211 6788 1085 2356 9714 2789 4660 7775 261 1075 8590 3364 6657 6013 3230 6607 8244 2898 8204 2026 5294 4330 5428 2688 7811 2513 3528 2664 5187 9332 6505 488 2926 7181 2908 6829 1323 2658 9649 1748 6899 8218 8825 4926 4324 6850 5353 4809 1302 7653 5822 8399 7901 4531 609 9595 5078 1889 4625 6092 4577 4980 6313 2525 7549 5440 4402 4676 8495 3241 2644 2708 2203 6459 4946 6363 5274 8001 361 8703 8778 3092 1386 9572 8179 1858 6404 8326 9981 8934 8940 5280 6699 8070
165 8105 6731 9905 8431 4574 4513 5390 1503 7272 5922 1930 7787 1147 8594 8946 9850 996 5552 5509 1285 3612 3896 9068 368 9602 2652 7709 9538 6772 2528 1967 4611 1320 6076 7836 4507 7939 4153 7247 4112 2991 8000 7899 3948 1511 9 7712 9196 6945 1042 2400 7185 3693 6089 2244 7051 1196 6238 8432 2252 8348 6322 9035 8805 5277 1348 7135 7237 5339 2467 9639 6306 7630 4057 4350 4450 7277 7786 6576 28 5957 4587 3333 7547 8885 5115 5058 2698 2284 8096 4272 4108 553 1421 9800 4883 8136 8047 234
7403 9692 90 7156 595 5081 7885 6227 6742 3774 7239 1233 2704 5888 3203 8793 185 6545 9118 9132 6820 3032 5384 1093 9251 6397 4871 2141 2073 7452 6401 26 6692 1705 7423 7402 2402 6376 8253 3521 3581 6220 3410 8381 2115 3737 7417 8786 3416 6775 6100 4024 3810 9494 8917 6518 6077 9840 9196 8532 3915 4172 6456 9152 8646 3556 7849 4330 6848 1211 279 5008 6587 2748 9508 4584 545 8805 3869 5232 9017 1549 6473 3289 3270 345 5548 9971 6510 8180 1327 4206 4958 8827 9125 5065 4470 780 9883 2489
5172 3339 5133 6631 7103 3817 7882 9734 6710 3655 2072 2471 765 1006 2880 303 2732 5677 8439 8142 1111 5799 6821 4020 6483 9512 7020 4887 6957 7368 1745 3690 24 6624 1621 5422 9378 6247 4296 6308 2650 1456 605 7093 7287 8174 1908 3025 9306 7704 2379 85 3176 9086 9801 2934 4944 6549 5430 7220 8567 562 8932 7549 3564 5925 5431 3277 5189 1779 5899 7165 300 5598 806 2600 4151 803 5208 692 6607 8986 8467 2967 9221 2950 810 8815 8940 2085 751 271 497 9460 5810 9883 5676 9544 3368 297
1611 562 2843 7796 7882 3622 6907 3339 6021 5365 7162 1192 3536 6999 1703 6077 3265 3515 3162 2786 9711 1755 7518 5247 7103 6340 653 5261 7752 9588 9860 8602 3024 4016 1081 1016 2239 8463 3047 5821 4011 6239 8775 8567 8577 7961 8986 2488 169 5761 8457 6844 4784 9354 2649 1113 5373 426 9471 5661 6820 2751 3207 7366 4100 13 1108 5081 1473 1495 8494 1526 8963 6233 4983 8266 3256 427 7845 4078 5504 5474 4575 3416 5545 2335 8076 3471 5564 4399 7235 7336 2207 9032 9311 3928 7657 7723 3270 4140
6021 7385 1530 3317 2671 5216 3756 7628 5117 3862 2640 766 9925 1394 6697 6156 7836 3744 3327 6287 4924 9080 3035 2825 9690 3051 7518 4697 7059 667 3517 6093 253 106 5481 8289 2524 8457 3237 5024 3823 9334 6631 601 4648 6404 4217 8259 4245 7482 2035 5661 2392 9593 4556 140 4016 2361 6720 921 7497 7249 3404 2333 7366 7277 6928 5877 7038 2111 123 9366 6573 9898 5034 9710 3023 1624 3665 2379 7136 1949 9639 3496 3948 6787 3798 2280 5439 6553 6664 9863 7239 653 8932 85 8992 9255 1362 3623
4274 5672 4863 4769 1628 2254 6505 368 4153 1913 2940 7039 9457 129 9934 9840 9114 7613 5724 3787 9887 2392 8091 9294 9 1203 7249 8629 8778 1903 7089 9238 3001 3422 891 8011 6414 7689 3636 7284 8431 9164 3489 6904 1280 8114 5858 3948 2218 1506 383 4741 6384 5182 2769 9221 9379 2221 3357 7713 6317 8399 9386 2565 7413 596 2093 4546 7587 1731 9978 8026 2639 5509 1688 8421 3423 7214 3045 91 4246 6563 8415 4172 3741 6161 7891 883 1755 2326 3380 9531 9677 3779 6300 1451 1995 1678 1240 8205
5173 2467 9892 8 596 6160 9816 5892 6541 2719 2671 608 6979 9336 3705 6255 8361 1292 6982 354 3320 2404 3172 8012 7537 9580 4523 3596 4804 3543 2529 1774 1356 5761 2127 4722 822 9388 8431 6945 8093 5224 5115 4011 9934 1366 7011 855 6220 3576 2771 2073 2077 1346 2722 5881 9341 250 4660 557 8841 3949 1437 5851 4330 3819 4579 3614 1888 766 2326 7366 1337 3756 7579 9008 5509 7019 3413 4252 2967 4092 521 4309 9603 9333 5639 1569 3442 1040 1464 5780 6716 2477 702 794 3064 8989 5964 4360
5212 2230 143 1072 3032 1703 4030 3374 2880 9595 5960 7590 985 4737 5009 6858 8451 6631 9926 6071 3296 1914 653 8111 2498 3773 4029 9543 4215 2438 9054 7143 4328 5002 3443 6356 3348 8203 1863 3715 5549 5627 8804 4189 2553 3936 2039 583 9465 1567 2620 7653 5322 4811 8825 3868 9240 4308 3207 6510 1350 2732 2404 5117 2774 7709 800 6370 2688 605 8025 4304 1955 2744 6549 2735 4365 2568 7313 7326 8351 9119 368 3819 8373 433 1865 4838 26 7855 4164 8454 8886 9621 6746 2279 7882 5933 9535 9572
9603 7836 7496 6189 9816 2223 1667 3064 1336 7505 7709 6967 6687 4282 8318 8126 9340 6065 4724 8269 6731 6497 5849 7508 6373 875 3580 8399 7249 633 8189 6029 1625 3686 4926 5801 6521 8119 3374 4077 923 5958 1761 7926 6356 206 2855 9466 5639 5421 1840 1639 2624 9505 9103 2751 7212 9887 77 7913 1052 3725 8555 8370 3868 2796 1393 8458 1953 7552 2800 8338 6705 6643 4509 36 1398 7888 3012 6468 1743 274 1807 7417 1266 4049 7861 9788 8302 4915 8422 3563 7763 4112 2553 2609 7518 9840 4200 9090
5710 3717 2372 9877 8421 5127 6523 1610 3548 4299 4469 7066 5528 111 5847 3794 9114 7488 8185 5992 2188 6760 2304 8782 6074 6368 6781 7693 6572 4487 2825 6013 6789 7676 5114 442 7776 3204 1301 3156 1523 4879 7745 8778 4683 7019 3081 7761 5536 6176 8941 5225 5068 8633 5374 977 2473 4079 1262 1170 2663 653 6955 4204 3706 8447 4391 7716 2515 1978 4364 4251 2053 2454 7781 7305 9343 4444 4600 8644 5786 9845 2502 7052 8836 1242 3135 4416 5596 1699 694 3326 3333 7402 2355 6626 8772 3692 9430 2409
4272 653 9867 9238 1896 4929 6021 2429 3532 1475 9683 6440 7136 8166 6497 9110 1547 856 1158 2398 7366 7573 1088 8387 1703 3318 9223 6755 1963 6727 1919 123 351 766 4011 7824 3521 4883 7882 2668 4502 3449 2667 8667 2141 1530 4344 6552 4907 9510 2973 2237 5868 8036 6925 9307 4832 9503 6844 6455 8111 3827 2729 2197 3836 9620 3162 4504 4356 413 3265 9998 3395 9900 4179 1191 2626 8103 9035 6868 223 8948 1698 8746 9552 5189 7428 3421 757 7846 9334 5869 9090 3023 1081 6887 7350 8457 4550 6190
4745 3769 9468 6293 562 7836 129 1282 7616 2805 5148 1698 9357 4119 5322 6309 9542 1949 3734 8387 6908 566 4373 1482 7779 1807 5200 5178 7074 1827 2923 3081 9259 6246 6191 9202 8675 9445 2218 1214 4748 9029 766 5032 9092 1862 5958 5578 4675 5069 7231 8982 5390 4630 7950 3798 9739 9136 2570 242 711 2512 3237 1253 3650 7635 3695 8988 1761 6174 8269 7346 269 8093 3790 2940 4774 7127 6142 709 7450 4831 3662 2598 9451 1419 6556 1464 3858 6582 3023 3090 8325 1634 5540 1954 1228 8203 1320 2104
5549 6032 123 2738 4110 1591 5171 259 7745 9460 4702 2053 7214 8255 4177 9100 368 2515 3815 3847 7250 8438 7537 3206 911 4225 3542 1651 3904 6745 4170 3876 7242 8132 1827 1464 6313 946 2681 1972 7825 7709 1963 3858 6528 9396 4810 1331 8103 2415 6414 1974 6763 3550 4724 8361 7291 5031 1051 2458 9257 8431 6117 2462 2466 2270 4713 2936 9569 7551 3372 9081 5015 596 9805 6324 7070 3851 7573 6476 2339 657 2154 7653 357 681 4666 5735 42 7143 8800 7003 7205 1610 5281 3755 3197 5228 2452 5715
2469 766 4382 8779 6153 5814 2641 1119 9552 8205 4133 891 8475 9130 8338 3974 752 2950 5942 5398 1600 9524 8811 702 2668 1081 4098 3652 2927 9716 2392 309 7898 6937 1430 5526 9848 6901 9927 8515 505 1436 3973 7228 9032 9580 7982 3387 442 9507 8458 6457 4294 4107 148 3346 2786 5264 7388 9579 8003 7016 4750 920 1275 5863 224 7807 5268 9508 1609 6250 7242 2122 8638 8020 2454 6172 6495 6927 9731 4272 439 4211 9388 5086 6015 8059 1747 3819 7193 3532 8652 26 4074 7906 359 9583 7066 8586
3131 2503 8834 4387 1499 9600 3410 6357 6148 6178 973 6204 2664 1370 6061 3921 4654 5794 315 8843 4475 4046 1147 5496 2653 4698 6141 8568 1151 7216 8598 3081 506 6358 8083 6545 5212 7901 5257 8490 8365 2072 7536 863 1549 2973 6356 8489 6509 1936 6352 1259 7518 7288 7052 4983 3349 6440 3421 2193 6935 7569 614 7925 6029 9480 9193 325 792 123 8026 8742 5081 5284 9073 2610 8111 5017 515 2641 1816 5680 8838 8232 6077 5778 9322 1578 8135 1740 7845 4529 2053 583 9213 2752 5959 8594 1956 5801
7718 7551 9428 2239 7260 3372 8212 6866 7783 5514 5351 1784 440 9679 4449 5737 2908 2108 2738 3488 2641 4345 2759 4599 7729 4130 2458 1125 6476 9840 1527 8292 1111 9491 9493 1503 8970 539 9163 8146 4163 9839 8256 621 4297 7653 7311 891 2431 6819 5629 6262 143 2878 5942 8594 5921 1930 2536 3569 4280 5836 7899 7709 2185 4992 2062 9160 995 9480 4059 4317 6398 2215 6226 1619 1070 7132 9909 4389 9734 9317 2684 6015 4249 9225 1033 4235 2894 6616 5065 4778 5976 4897 3382 1644 2999 5752 3295 9167
113 9764 3359 6051 9886 2796 6476 8749 7019 6473 221 1740 5374 62 6598 485 4221 4857 7924 5352 8741 2080 792 2487 1590 1096 6899 8580 2936 6636 8841 932 8181 7279 8514 9740 6994 5142 2899 1292 4809 2527 2035 9120 2544 7094 3354 8893 7832 4766 7589 8215 937 6553 1003 6108 2161 3819 5961 6548 7559 7422 6097 8103 3170 4569 8409 3289 7345 8387 5350 3985 2091 1401 4939 4958 1594 6852 6330 5162 1811 457 3682 5709 4088 1394 5735 9577 6631 7102 9279 2768 9315 3902 7587 6403 8023 9146 1073 3857
956 6631 7946 5162 6218 1796 478 9748 4008 1442 9266 7618 9529 937 8029 9240 2515 2167 4578 2431 4380 2135 977 6050 4854 9198 2315 5657 3190 1035 8462 413 1489 6562 6432 2641 2111 9465 6089 265 8121 5449 3744 1863 4781 2263 3338 1365 3892 9763 2705 766 9459 5677 4406 9164 7765 5045 8111 2454 5553 7555 5031 1119 1741 5737 4051 3420 9686 532 7581 1622 2925 1984 7966 8470 996 7868 4352 7701 6515 6950 4437 3279 480 8361 6178 9419 6540 415 2746 4817 8728 8259 2072 7386 7514 3306 2379 9449
3374 1487 1464 1551 282 2109 5784 263 7646 6071 7406 4807 867 1024 364 1149 9724 7130 3006 6975 534 5320 1840 6573 4924 8495 4561 7696 9901 1451 7706 3363 8267 5117 9001 9039 9392 635 7899 8723 2735 6991 3345 8319 6626 9179 5627 7864 5677 3485 937 4884 6720 3630 5481 6156 3673 852 3555 6834 4245 9875 5228 3317 4008 1740 7792 6195 2178 3024 728 6711 7930 7391 7101 3063 2707 7249 2503 6322 1878 167 2529 1763 9837 4092 7494 9033 7141 884 8835 1047 5235 5803 4158 1984 1522 5091 9388 3896
733 7350 2688 2671 9901 6371 113 5273 4466 7355 1108 596 7904 2951 2356 341 6608 7824 3134 3496 9188 4966 823 5127 9336 7019 1455 7538 7512 6525 9315 5105 6706 1129 766 266 8772 833 6986 4809 4997 7738 3709 9745 7110 9238 5088 7354 7939 7171 2365 9605 7704 343 9086 9225 9015 3886 3128 6744 8902 7017 5174 4192 9800 970 3491 7411 1259 7366 5282 6552 349 9560 5534 8965 7876 4847 574 2923 3930 7549 9717 3536 5209 525 3230 7616 3579 8554 4249 1117 5554 5710 3650 2428 1324 7200 165 1214
4092 1949 1243 883 2800 4857 7345 4958 1352 4091 6476 3192 9796 2398 2876 6291 5069 8928 8023 5374 6740 7920 3360 1464 5961 123 5533 6013 7654 6918 6600 6726 7030 6340 3948 3423 6720 2527 8755 6611 9816 3425 9162 1086 6769 1495 9340 4034 5949 2645 2715 878 937 4633 8666 7349 6903 8302 3318 3065 5381 2568 8 1576 9510 7500 3302 1129 3492 3794 7033 1498 1610 1385 1954 7385 5941 8129 5601 6493 6185 8317 4454 3596 1940 8152 5945 1724 7247 3156 2614 3993 2067 6456 6738 478 2122 1032 5305 3689
8534 8302 4782 8822 140 9480 9977 4640 4175 1908 1464 5806 5424 6683 4855 7120 7489 2400 6949 8640 5372 5272 8368 2519 4697 2596 3819 1761 8654 9927 5503 8029 7247 687 4079 2572 5954 9584 3655 2182 1220 1872 288 2111 9883 343 9245 6977 1178 5592 5099 6633 6211 5449 2166 8690 6995 721 7585 3923 3237 8582 6720 858 9317 1148 6252 4125 9240 153 2799 6442 4610 4587 9429 97 4792 6153 78 5997 3387 5531 5215 996 6334 8366 2175 6591 6405 5535 6802 9153 1487 3287 7086 9505 5382 5698 7658 3391
1705 6011 595 1 5714 7049 6553 760 9429 4256 6755 3922 659 6271 8645 7297 6843 2659 7366 9912 4697 3337 8286 8834 4354 3327 4179 8074 7723 4893 4555 8337 5232 7037 3625 9387 2484 9231 4561 3115 1616 8811 3936 1259 3917 8464 6549 1611 1077 4340 2526 1553 7336 957 6384 9721 9445 624 2286 6397 9581 3633 3203 9011 8462 8836 670 5117 860 3344 5664 8131 4221 8652 740 2500 3616 8721 6258 5882 6742 6353 1130 346 7677 8253 2474 1327 4062 3525 5459 7242 6156 5741 6211 1412 2649 6882 9118 8961
6553 4084 1615 8518 5483 8644 9799 7643 1373 1325 6353 3835 1506 4414 2825 6586 1464 7249 1081 965 1779 867 6625 8992 8284 3945 5307 5228 7541 6117 7765 1394 7666 9244 4809 2273 6635 3274 3856 3744 2572 3404 4739 9631 3088 1406 672 4224 413 8616 9001 8264 2062 1648 3407 5271 408 8150 5202 9259 2671 6051 1753 3472 756 3226 274 962 8285 2584 8129 7946 4507 7417 626 3510 4325 4817 8305 7012 1077 2313 7283 4828 8051 8486 7964 6940 9852 7502 2682 7113 6916 1923 3299 2640 6573 8794 5641 7076
1302 1144 8755 563 3183 1070 1963 3372 6858 5307 2735 2936 142 6680 5052 840 574 8948 2670 5162 6200 3611 8933 5894 1451 9682 816 1740 983 9643 8932 7326 368 1622 7466 9238 1309 5135 7590 7929 2327 9255 3971 7273 2508 8887 6666 3494 8265 757 5576 5151 8448 3892 8988 4092 3207 252 802 1025 8795 2688 9312 9503 4412 113 7379 2596 123 1280 3323 9961 4180 7242 6081 4537 3826 347 6972 4274 281 2020 299 9221 7122 1433 6720 7715 9205 2960 2012 2100 5881 3684 8645 5645 4655 9925 2530 8762
1530 9033 6548 9327 5702 6720 7482 7157 4555 5084 8461 75 1487 8654 4745 7805 2419 8925 5682 8683 38 3721 3752 3486 7022 2409 5232 3345 4092 9076 53 7277 7214 6989 1054 5738 9447 9464 213 3525 8232 2730 1362 7577 1431 8192 7643 7283 2503 5051 4629 1088 9562 1203 3839 9855 4706 4111 7590 667 4051 9454 3628 5467 3876 5235 1136 8875 7612 2758 2712 8781 9956 9866 2053 9591 738 4749 9827 6445 7696 8779 5064 5259 5196 2850 7924 3555 8548 6223 7385 2959 8619 2346 6772 5080 1518 1796 2515 205
9817 1703 6746 3775 1779 2352 6140 4989 9003 2661 484 1581 9480 7639 2827 2451 2844 4771 4274 6809 1526 9764 6029 9174 6545 6818 7650 513 3032 9203 1099 3150 3808 2734 7052 8491 2379 6615 8451 5443 6575 5340 766 6161 5724 7023 6324 1923 5282 550 9579 1333 383 8008 8007 4642 632 8879 7342 2153 8431 776 1539 8826 4961 3667 9761 3523 9813 7961 8143 121 8577 2262 5634 9503 4442 919 7955 6631 4183 9706 4840 5584 9491 9000 6055 891 3737 6344 954 9111 221 3742 8977 3229 9865 8782 8771 6013
6375 1265 3542 4590 6766 1199 7754 5724 6897 2906 1767 7356 9238 42 7792 4719 1643 4092 8129 3139 9257 7269 7653 1206 545 9324 6953 546 520 9604 6925 3150 2071 872 3948 895 6059 5290 8431 5696 9118 4798 1313 1829 7596 2469 5712 6720 1903 6903 8399 6740 325 8012 4684 8289 8941 7081 4724 3622 4386 8139 6951 5081 9390 6547 3000 8167 6011 7629 1517 4358 8458 1079 9639 6710 2722 3822 3388 4181 5143 3959 4921 7130 2707 709 3256 368 4263 1348 2055 8500 2454 2744 8792 9082 2371 6491 7520 6471
2114 2910 6882 6317 352 4238 3854 5111 2240 4903 2486 3686 9701 8029 6523 1827 169 8940 9355 6970 4310 444 2074 1611 7544 8811 4221 9446 6548 8598 6013 4111 4926 8859 3948 9334 3092 6476 2665 9827 2800 249 7033 9027 5822 1797 3217 4309 4346 4047 1323 6607 7861 1542 962 5578 3598 9607 6602 1555 8420 6451 8129 7541 7091 3685 4555 5786 1319 8248 9960 4140 6969 9813 7548 3043 1275 3344 1528 7924 457 1169 167 6117 1150 2633 5552 5734 6739 3400 4968 8771 8730 9703 8973 3670 8219 3007 7030 1060
4179 9509 8204 6131 6884 1672 8023 1425 1302 7816 5789 675 133 8887 9315 3183 5295 3389 8461 7273 2089 1402 6352 3799 484 8974 5023 6292 6805 5232 3566 5481 495 4111 4449 1966 8833 4610 9701 6086 6477 2695 2150 4765 4211 3092 740 2716 8782 9670 1926 8128 642 2515 7058 2939 826 8797 1764 4751 448 6420 9027 694 6892 7049 343 4125 7842 8025 1070 6681 1855 2197 7355 4171 5677 3049 1262 4036 770 2409 3387 5471 9884 6186 2644 7426 5687 944 8726 4786 5515 962 3207 9432 4074 3277 4039 2835
383 8142 6321 9705 9480 9358 6139 7260 9308 6916 9829 3851 1787 4143 4215 1848 3391 7031 8666 2916 3414 5293 7066 3820 2646 4778 6872 1641 2088 1358 7839 5009 4203 1229 9259 2665 1280 4489 9875 6459 7529 1528 2274 4375 6418 4748 7728 341 2379 7932 4727 6364 4869 9513 8259 1814 3141 9844 5114 1499 9925 8274 2729 3000 5938 3273 9279 9512 4328 9673 1952 5116 9387 8431 3921 520 8992 8203 1032 327 484 6341 3371 305 2175 2333 6868 6710 4903 123 3154 8845 9862 3540 9639 3667 2902 8403 6352 5459
609 8818 4987 5775 8513 5984 1348 7431 3207 8428 766 6162 9061 8654 7429 7033 6639 7445 4201 8692 1428 2450 3241 2607 7374 3329 9306 5262 9050 3948 3324 9915 5822 5152 9180 9978 1648 8389 2671 7086 2166 1124 909 5105 5348 7393 7919 4441 8443 2379 7832 1827 9984 1108 5735 1132 4338 9307 313 7987 9318 5333 6106 996 6348 6923 9753 3532 9981 7281 6916 2876 85 4405 3808 7402 6596 8922 8548 7639 4175 6792 3039 8875 4194 6328 2395 3762 3744 3226 3557 5091 547 6772 3258 3791 8802 2339 3317 5876
299 5534 2999 4208 4179 6752 3583 718 6832 8800 2515 6883 3528 7028 889 3360 7646 1500 3046 1705 9462 8825 5257 2898 2681 3210 8446 3791 6567 6003 2951 8026 620 3069 670 5908 9901 6751 3612 7179 2071 6192 6384 8893 4266 113 4620 5076 8254 2864 105 7442 9634 8238 8180 6676 3275 1331 5702 5667 7019 7393 8685 6156 513 2370 2796 9411 1979 933 9742 6162 5625 2635 7051 6939 8570 6132 7269 7633 846 7715 1306 8712 1492 3377 5111 9308 123 4360 6317 4622 6952 5351 9105 4479 5028 7391 5168 2314
5235 2515 766 755 2436 7839 6631 4406 1356 860 7311 9167 7518 1447 6076 8577 5180 7888 7681 7965 2529 5156 6406 5322 7366 550 4396 7039 711 7873 4016 7092 846 3296 7961 2754 4767 5987 865 3879 8771 5588 644 2545 8265 5416 4589 7613 7696 2028 2417 1855 3722 792 2380 6220 6794 3331 9333 9729 5125 4656 9197 1482 571 6297 3820 2981 1272 396 3613 8952 6356 9900 2650 1148 9983 9327 2268 4973 8197 6538 7528 7334 4924 5817 1538 2796 751 5724 1795 7120 5417 7524 5756 6765 7158 49 9160 8773
6223 7536 766 1006 6842 6777 4410 738 9181 2058 8031 9188 5028 3581 3651 4049 1331 1030 7350 547 2047 2185 4235 4071 9659 5771 4783 3974 7832 828 7018 3656 341 9273 8979 9286 1919 3961 6603 8799 8473 6373 5232 2396 8165 4951 2032 2285 1377 1518 485 5738 7508 5943 6866 7783 1771 7795 3031 9072 9795 2829 5688 6637 2337 6771 1918 3422 3329 1845 8740 1275 1547 7704 6006 7104 6397 3864 4658 1581 8895 4555 4255 5338 6369 5712 4020 3344 5559 1236 9165 9163 6086 2530 7370 1999 2392 1487 9356 7336
7366 9359 6117 5817 3142 8107 1531 793 2852 6631 4123 5560 2053 6937 9366 4656 2512 4697 962 4437 7277 7902 1703 6875 8965 3744 1411 2047 303 5280 6243 1691 2157 1214 4097 6371 1070 7334 4855 90 224 6859 5183 8917 8025 6208 1867 3805 7616 6734 7103 1808 5450 9609 8815 7019 48 341 2439 5370 1618 6178 2558 3207 3948 8858 5760 2982 5481 1581 2478 5806 6714 1384 7463 3477 5542 5394 5411 4383 2133 5240 3579 8311 7345 9586 9199 5820 6465 1353 7929 4699 7302 7249 2296 4466 8861 5023 2492 7961
7080 6243 5551 5822 7645 4414 8677 4265 1394 814 4107 2339 2466 8779 8311 1065 7888 8267 6940 2834 4521 1683 374 7573 3882 9810 9676 5363 1154 2038 7967 3207 8692 4125 7365 4996 9733 4883 9552 2724 1985 5665 1318 7136 2503 9835 2657 6541 7930 6925 9755 6150 6311 2053 9347 5727 2071 5516 8356 3670 2137 1175 4349 6572 3004 9900 351 3698 3296 7908 3839 9837 7775 2296 4460 7371 3183 7879 8413 2157 4358 7616 2786 5124 362 3679 9255 9785 4332 2515 1261 5081 4387 2141 8303 662 3506 3195 2943 6767
4059 7696 413 1111 6870 7121 1234 3740 3456 1999 4556 8270 6029 8705 6802 2169 4357 8259 8944 8477 4137 867 7547 1548 3378 6121 2631 5998 309 4814 1380 9318 2839 7924 1319 7039 1139 8841 6288 4260 6970 7878 1170 4680 5460 3064 8332 5435 2454 8790 1936 2130 9918 2868 7928 3210 770 4274 6739 2467 764 6153 3631 3414 9648 8633 1801 5125 123 6541 7982 5173 7402 5546 1125 2635 845 5351 5081 7013 4802 6195 2346 9388 3558 3253 1211 3692 2053 1108 2231 3306 7536 9341 5596 5880 9495 1817 6573 1839
4884 7247 3659 1302 6981 5102 7112 1596 7674 7354 2529 5009 4771 140 1788 6783 5700 9839 6788 1030 9508 8470 5455 6879 4129 1589 6577 3483 6138 8561 5338 3560 7612 852 3858 8362 1358 2731 2466 2454 113 5881 1410 17 6711 1192 2353 3279 9354 6729 5953 7792 2514 6514 3490 5954 5861 1443 5540 7114 228 4005 9925 3088 2839 6513 4506 5312 4991 9348 6550 1289 8068 2252 2602 7595 1259 2225 562 1065 3552 9733 7820 3413 6585 3131 8061 7621 9512 1414 4182 5612 2371 4323 2493 7634 4211 2152 8940 8900
1151 297 7737 2671 7938 2100 5045 1955 2894 9623 9292 424 5915 2759 8370 7085 5159 5677 7845 5979 3878 5877 2501 9203 1485 5304 7546 9016 197 6826 891 6421 6346 1511 1767 8685 9562 9579 3392 6174 3592 1650 6222 6424 7402 2799 7693 9343 2372 6568 8198 1425 9381 4417 1953 756 8077 4410 7432 6509 6133 5845 4383 1856 9605 3443 1646 6811 9432 5216 6008 7533 5503 994 650 6976 6246 9223 5786 7052 4803 1260 2037 9595 3291 6543 9456 6664 766 427 2698 9420 4346 3042 6323 9513 9026 950 4245 8767
2724 7033 2671 6666 6074 6021 1355 3021 2445 693 4601 3393 6055 4553 1905 8384 3699 4947 7418 3819 6466 309 1296 9702 6675 7137 8667 6239 4111 4125 7671 1319 3552 1699 6213 5480 5665 6739 1211 6223 2134 1238 90 5720 762 2484 6298 6980 158 4543 6420 2290 8686 2951 1963 1048 9971 6013 840 1895 9924 6139 8683 7765 4261 908 4893 782 9096 388 8053 6509 580 5583 4902 9259 6783 32 6081 4573 1261 3290 1527 5657 8446 3532 2820 6455 3846 4228 2563 4868 4795 5894 3017 9733 9900 3230 2925 8746
1203 3207 6915 3419 5992 8458 7849 5881 4718 3851 5900 8669 5463 1260 8267 8247 8181 3862 331 6908 785 9125 2671 9050 5858 2407 8123 6625 6553 1850 7792 2471 4713 6063 1373 9822 7761 7807 2709 9799 2287 1320 8685 3869 4831 8443 7001 1360 7350 9541 1944 2254 2991 8805 1119 461 2980 6173 3251 6100 4769 1972 5368 5700 9925 4994 5920 8892 791 1301 1623 6720 5676 6209 3141 9029 8954 345 6555 1229 9101 2073 3608 9783 3882 7700 386 7710 4630 2178 7643 2087 4408 6436 5374 4107 4387 2453 9839 6582
1715 3287 2886 5360 2492 1417 879 694 583 1949 3648 4013 7392 5424 2704 6847 2370 6861 5320 8999 9701 2981 2852 7294 3536 715 6369 1148 6352 4869 5099 4700 7508 3945 3371 2384 3032 9974 1487 8766 9623 6071 8025 5709 1226 1677 9366 1056 5137 1678 6875 6211 1705 6505 2976 1042 706 6105 299 2252 6134 4855 2783 539 6186 5322 2398 4662 2071 351 6192 6329 4866 1990 3101 5625 2285 1530 8639 8715 427 4864 1747 417 7527 5578 4557 4691 7144 9670 6582 4709 1952 8922 4453 4697 6499 4074 9444 8462
7171 7102 7507 9495 7930 5353 8472 2784 3250 2117 3144 745 8594 8825 4400 7924 4151 650 9872 9515 4094 8241 825 2096 4089 9075 5065 1217 8267 5861 1373 8103 938 9364 3008 4999 7465 2925 793 218 9251 3414 2859 7518 4954 25 3599 6878 6195 3177 9236 4689 7824 6744 337 4016 8432 323 9666 129 7350 3915 711 5360 3845 2361 4129 5498 8205 4759 7393 7861 2675 2519 1654 8842 8928 331 5629 573 4949 4683 1755 8475 1302 2671 2655 606 3888 2807 5273 7163 5738 5282 786 6561 9136 6615 575 2198
7645 6021 7121 1683 9867 6844 2827 9460 8895 9901 9634 6603 4842 6434 4309 5460 7533 4096 8606 7170 5929 4460 2674 3471 4016 9444 2250 8630 7518 1607 6907 315 1 3648 3424 3870 6158 4981 6789 3463 8904 9219 4321 56 6802 2623 1837 4526 3506 4140 9501 7795 5546 7996 609 4247 8939 5090 2759 7113 9233 5268 4461 140 1425 643 5051 6621 7872 6715 8103 6555 4966 8846 2611 3858 1151 6055 8577 7366 2333 3317 2659 2380 8320 8288 3485 1473 2038 4217 2844 2239 6277 1611 5323 7041 4982 1243 6624 7385
269 3581 4915 3560 3103 950 9932 3993 9515 6744 302 8086 8189 7915 2194 9512 8446 9907 2419 192 2548 3839 6221 7264 5305 8788 4634 6711 6736 156 2492 6236 7517 3809 5849 582 4125 5723 4215 1993 600 3699 9308 9807 8686 462 4151 6424 1259 831 1216 5540 83 9960 4092 5804 6262 1736 938 5405 1348 2969 9163 388 7831 9704 7494 165 9558 5709 242 4206 6115 1569 1464 8489 6859 3912 4235 6701 3033 6133 8352 8692 3000 721 8343 1280 900 6059 7190 1767 4659 9004 909 1770 6139 3261 7347 1145
1203 8227 2212 2803 8105 9048 3921 2467 5716 2790 4043 52 9027 2096 8522 4842 9238 2825 7283 4686 4319 7297 5663 7545 8267 7541 4689 1527 1081 8409 3529 26 5310 677 4855 7747 884 4966 4907 9839 7956 2188 1954 7641 7706 1624 6015 7113 6153 8362 9417 1088 3795 7715 7976 9579 6451 5818 6186 1784 8861 966 1146 4506 901 1850 746 2448 1757 5571 3097 6987 1743 6021 3088 5974 5752 867 2111 2991 5817 3637 1947 7792 2379 3296 7645 2062 2806 5688 7417 4739 1987 7012 8781 5929 1235 2342 4007 8283
2827 4112 2384 9721 3472 9890 3864 7313 2404 1722 6651 1801 8561 5603 981 2940 2246 7952 9695 9639 282 9255 155 7093 1943 5137 8653 8096 9191 4807 3089 7525 274 634 4919 5959 1050 3511 6453 7990 9846 8790 5571 9231 1932 1470 1302 7038 3045 772 1056 5102 6421 6052 6241 8117 6699 3320 1358 7680 7546 6222 9253 1694 9292 2222 9939 5233 9744 2744 244 8896 7212 1461 5447 799 3047 2195 6996 5317 3345 7616 1961 9245 7499 8765 2969 698 687 3394 855 6499 3632 5307 1126 6161 3150 8979 7360 522
8561 6583 6223 7536 7703 5851 8025 8598 1054 2829 8845 893 2916 2485 4378 5830 9589 4951 9086 6697 3164 7136 6453 6288 5225 9595 9252 6996 6631 748 1238 9850 4893 7768 259 1882 5710 583 962 2322 9888 5870 4445 8543 2223 4143 1877 9998 2263 4512 9792 1331 1825 2512 215 5045 8861 7326 6349 4086 5928 7269 9639 4161 4840 1499 6757 939 3729 9827 8927 8495 7914 8855 2290 5296 9646 2839 7416 6628 2012 8251 1666 9845 3150 7663 2200 3445 4722 3791 7453 4255 7638 8048 784 5546 8028 609 2659 6076
9634 7749 3925 1138 4803 6568 6457 5552 8779 1042 6927 6739 4016 4031 3416 1610 2820 132 2043 1085 404 8594 6858 6223 2536 2051 11 453 6712 1953 1499 776 6970 7269 2239 1767 3907 3948 8448 1237 5980 7709 1656 5830 247 407 2659 5679 4951 5867 6994 956 1373 9934 9963 274 8071 9533 169 9715 9330 5870 7339 1030 8685 8415 8028 3959 2353 5748 6907 3488 3164 9377 1705 7527 1480 1398 2995 9512 9943 5319 6646 4479 9491 264 2641 5795 4599 2920 3394 9845 2000 4818 3511 1874 9260 2224 5065 4989
9480 2333 8797 9610 6271 2364 5463 2668 5428 113 8103 4354 7178 2826 8432 5735 8011 4987 1761 8142 6627 85 4783 6832 8368 8150 170 7466 7101 4991 7924 6404 6744 316 5245 9925 2519 6242 8577 496 5822 4421 3229 8442 7824 6708 9333 905 5282 3458 9822 644 4266 1100 2572 3787 5040 520 4305 7962 6158 1492 4567 3496 3277 6802 781 3910 4003 7613 3914 7186 5526 9265 6505 3558 5423 8662 4482 5738 3887 6348 5833 9755 1425 7082 3485 2611 8003 1112 7851 3023 4943 1373 5600 7247 712 2358 4588 7478
8992 3065 3080 788 1485 3819 6873 8561 4011 2252 9550 5254 3155 9067 8013 5349 1001 9737 8167 4610 9309 1703 8900 9239 6442 4974 6089 9605 709 1046 6212 8654 2420 4842 3385 2314 9810 976 8064 7148 8831 1056 4792 2105 7016 8526 994 5481 4016 3966 766 1510 6997 4106 5030 7663 3277 8545 4839 6210 5976 1776 7645 9845 7334 7728 6588 6240 5836 3206 4390 8247 1099 2825 5849 1511 7618 3213 2361 6222 3988 5216 1942 3212 5662 5449 3419 8196 2698 8621 5199 5646 4559 6875 5752 4399 6908 3301 3720 3317
8491 1905 5235 6013 2276 3647 8387 9167 3245 7197 9354 8912 8 7247 2188 2187 7824 9146 753 5250 2611 3186 9688 5635 2556 4877 2116 205 6233 187 3395 4842 2346 4771 472 2674 9998 2735 351 1949 8947 3026 5596 9282 2145 9404 7959 196 7109 2239 4494 4928 3731 7542 2683 585 1051 6033 6348 4346 2551 4150 4751 8269 766 3360 3389 5196 8733 3137 7354 747 7038 7839 9238 866 1482 1869 2436 1791 7612 6347 474 9841 39 1041 9216 9480 2732 8207 4749 1144 6409 3688 9706 5449 2860 8577 4917 5713
2780 2529 2193 7263 7962 8477 1824 576 7030 7933 4682 4952 5307 1212 274 9333 7231 9700 5848 2850 600 6843 7754 824 1070 2710 7492 1916 6489 7876 9710 5074 6505 7820 8010 2502 9539 7889 9167 7643 1587 1360 8287 5894 4508 8319 9119 7019 8994 132 4786 8137 5870 3223 2669 9660 5743 9120 3472 670 41 7254 2326 6017 6404 6387 1615 9995 7269 8748 6572 140 9835 9706 8602 7715 7146 379 6847 1743 4704 9572 8453 2466 7538 5799 5470 3483 482 9989 1394 183 7653 3391 4471 907 8180 8256 8946 1425
6174 5545 7990 5679 7456 2192 4346 4796 6324 6687 2445 1978 5972 3845 1587 3107 9822 6902 7956 835 309 3292 3480 1338 9470 7847 8909 6261 7273 2960 7200 6029 5713 1243 9238 1164 6348 9038 8185 2783 5752 6746 1052 3222 6951 8317 9812 9432 7325 1034 1482 3435 6853 5157 357 5052 7311 4577 4816 7824 1234 3775 9919 7654 5725 9632 7003 3801 3699 650 247 9188 3903 2640 4961 1457 2724 1263 478 1893 842 8940 26 4979 9382 5101 574 5155 9580 9347 6573 2193 1527 3689 2075 7882 991 1016 7546 8096
933 7671 9008 9407 9914 2827 574 9202 5641 9191 61 1070 9717 6523 9069 7049 1874 2248 7939 2400 9460 5159 4867 6587 2071 97 110 4810 759 8448 2050 812 7754 3318 4927 6052 4855 3047 7741 8598 4256 5449 5270 6717 6067 269 3739 7937 2545 7876 8033 2246 4996 8150 7402 351 7230 4068 1365 4915 6949 9925 5321 4040 8933 779 2820 8431 2736 4555 7555 2458 6883 3150 1214 7929 3189 8029 8974 9562 1965 6602 209 4854 9515 3684 336 8633 7269 1329 8114 4567 5130 5673 3245 3917 1243 265 7884 5110
2918 5941 37 4519 8574 5490 6088 4581 4573 334 2141 1186 6233 4807 1358 6759 1861 2793 898 6773 1499 9525 2223 6608 54 2337 9420 7252 1743 7918 9810 1302 2690 7334 3827 6398 8238 6800 3819 4530 4716 248 6733 8174 8169 2200 4631 7861 9213 7872 1776 905 7247 6813 7325 2889 9119 9468 5283 2424 1963 749 7500 8397 8037 3977 6991 5373 1146 2825 6848 5653 9792 8623 2503 7052 8507 3587 4016 4622 1529 365 9896 4422 3576 4177 6362 7929 158 6763 8577 6402 7968 6439 6670 9377 327 893 5905 9312
1132 1265 5578 5457 1255 3542 6348 5972 712 4537 1212 5406 5585 853 7432 8009 6013 2781 5554 427 497 7431 1145 3938 2968 5822 8021 5480 2926 1331 6455 1797 6400 2572 7625 170 7965 9505 8201 6184 6523 9392 773 7200 3333 766 3241 2188 5786 8199 4430 713 5536 4133 3536 2226 3923 9639 2496 957 5806 9565 6074 261 3846 351 2311 7000 3427 964 9908 3353 5713 9133 4774 3613 3680 5448 1803 2503 5024 2361 3318 8354 8270 8251 2451 4923 488 4346 2207 6653 6262 6923 2121 7600 2238 7267 7436 6153
6298 9674 2713 6293 6756 5141 1262 7360 5724 2012 1426 866 4140 6348 520 1446 9024 891 6368 7885 7197 5732 2688 5408 1774 3999 7689 9753 90 8389 3752 1672 3794 4079 7681 484 2502 3729 8491 6262 9216 7459 6367 2860 8692 2384 457 6455 6972 8959 3333 7264 3345 1807 4893 4823 9433 1448 8387 3912 5232 3245 3103 9623 6755 9122 9926 1339 6119 4745 6191 840 7696 4559 9238 5324 9983 9701 4855 6221 6139 7523 1949 2259 1472 6957 433 9378 576 4446 9827 3625 1115 3557 8886 8470 5894 6232 661 3032
3543 478 3318 7749 7156 4421 2209 348 3819 3255 937 3488 1778 5715 6074 2796 1237 859 4573 6195 3374 9761 347 4158 4923 60 8715 5255 5635 3486 4177 9315 1811 1524 5232 7006 4587 4893 4346 6794 9894 3558 1130 8431 8204 3144 3065 3230 2661 1419 9722 7247 8779 3720 5038 714 2020 572 160 1461 1968 5235 8072 2756 2420 8768 2352 5326 9309 8132 9328 9559 502 5908 1744 7345 1464 5504 4897 4890 5824 6938 9463 9483 5045 620 6476 3479 7537 1963 5796 8561 4047 9799 7872 156 2243 3689 6094 1113
4766 6908 824 9505 9661 2839 9595 8427 1823 4556 7156 952 6720 3576 1705 9257 1331 9964 2335 4564 7121 5317 3555 3203 3616 4209 7385 3638 2270 4089 2709 9751 2483 2489 3231 2400 5805 7825 6422 7687 1464 1934 2125 6211 3959 5767 7013 8434 8093 5216 6044 1268 8531 7706 7891 7704 6317 8942 7518 438 4713 6748 7269 4942 4927 1611 7607 4043 6970 2589 4589 5111 634 2111 8043 5116 951 7402 7991 1755 6705 3213 2326 1054 6883 2337 3410 1993 489 6621 785 1648 2353 7629 5088 4958 8344 5870 6363 9550
766 4293 3230 2145 3819 2688 834 2465 8080 9560 8607 8347 2243 5424 6171 8941 4574 3611 816 3576 6891 4456 8854 3882 7821 1974 8346 2515 8907 6276 3265 7019 2322 7929 6074 7622 9505 1414 2226 1223 1373 5671 3999 9117 7688 8060 8825 8190 6439 7071 1214 4211 5743 7768 3150 8475 3706 5997 3679 8812 8183 9635 4547 6021 123 7645 966 6150 4992 2916 7831 3224 2513 4266 9480 2428 9276 881 4470 8645 5863 4259 5926 7775 7362 4526 8689 6232 113 1263 5793 4133 9183 8785 6131 2587 4131 8558 2491 6161
653 2971 7423 6802 7488 1186 113 5709 2585 6289 1394 1123 9214 2845 5459 1258 8445 1362 7830 2325 7445 3223 427 6740 5999 4663 6884 4179 4290 317 1059 8688 5857 827 7374 6523 6878 7749 123 7882 7479 6398 3721 6534 3471 2311 6284 6317 8076 6162 1591 489 1807 9132 7252 3564 3336 140 6029 1498 6892 6311 5228 356 2618 1366 2928 2337 4247 6006 3773 1032 5887 9837 9866 5152 9981 4338 9236 1709 9107 4512 9257 1683 2466 539 2086 9740 4114 7355 5776 6271 4883 4249 7143 9163 6763 2088 9004 7573
2735 1256 36 2259 2139 1727 1557 8045 7364 6982 2825 2816 6348 7558 4625 5209 7246 2448 4637 6189 613 7195 1358 1894 3308 4879 7715 281 1611 7993 2959 2028 4074 3518 3611 9827 7645 277 7101 7098 6021 9709 3625 8267 8654 9433 7390 7360 9607 6605 5817 1428 1041 1608 7606 1563 2925 7706 5546 7485 709 8991 140 2671 7071 5863 2188 5811 9701 2730 7956 591 4153 2607 4280 6733 974 4686 3458 5950 3320 1555 2263 6553 7379 2785 7939 244 8854 7193 5312 480 3522 2471 2830 7277 9890 1656 2674 6612
7374 7152 5657 9459 2431 3851 6915 5153 9730 5310 6908 6243 8205 6296 3687 709 2401 8103 4031 1703 2112 6185 4011 766 4533 7190 5299 868 1527 7300 1240 191 7961 9811 1624 3744 8823 9419 2252 9673 3195 4070 6672 6719 7359 4008 3970 9433 164 3015 1201 4778 8369 8053 2964 5179 1088 9260 3739 5234 4411 9447 3708 3570 1678 1673 2458 6091 2067 3226 3484 3266 2493 7894 1644 90 1827 972 2950 3854 9332 776 2290 4466 2901 5390 3755 2868 3670 1545 1668 3055 2415 6957 5980 2738 7688 7385 5411 8605
4959 5621 9731 5790 7470 7990 2678 1314 1503 679 6753 506 1193 3086 5679 1384 864 7402 810 7366 4782 4966 7841 520 9026 1398 6967 9090 7230 521 9449 4089 617 835 8530 3462 5419 5623 9008 1313 9203 3963 5822 8179 165 768 5831 9130 3692 6670 9515 994 1066 3585 7197 1999 8965 1573 8346 8315 6131 6838 5755 6166 8479 6044 3646 4955 1320 7433 2 2053 9960 6317 8743 7370 7714 2811 384 9946 5201 7630 2688 8615 2191 3576 3690 2179 491 6538 4810 1903 4223 2472 1511 4182 6049 77 4578 4050
2337 852 6577 7006 8534 6730 5720 3260 7171 4480 1510 7507 9445 3974 4709 8705 3287 7065 4796 4452 4054 4340 4802 9468 6026 9531 9877 3699 9511 9595 185 1823 3029 4683 854 2361 9259 5843 7247 6077 3179 1835 2688 6928 609 7861 8841 9085 795 4755 1373 2671 2766 2674 6294 7411 7056 1419 6555 6939 1130 5772 9884 4771 4743 5295 2863 7160 7144 2466 8544 5673 9905 1909 4752 9317 9727 3413 6032 4308 4731 1736 723 2057 8175 9370 5352 3203 1717 1743 906 1666 6268 8079 8790 1778 6927 3866 8939 6261
5082 3554 8142 90 7128 1622 7285 8267 9119 1689 2188 8997 4090 6505 5307 6516 7019 5851 7569 9146 661 9816 9713 113 7249 8854 5969 6803 1320 625 7988 3230 2012 4097 1126 3600 7508 482 2688 1246 5235 3996 4462 1478 40 9831 6497 9371 3741 6076 1384 296 5812 3028 8451 9809 2886 4352 4214 9521 9140 1237 2147 6271 8499 1227 2404 190 3560 2467 4919 467 4547 1214 7754 6733 2616 5029 7546 4192 2067 1280 7967 3623 1563 8361 881 7894 2127 7209 4630 6635 1167 7749 7366 5884 1212 199 7263 7345
